acceleration_x,acceleration_y,acceleration_z,gyroscope_x,gyroscope_y,gyroscope_z,timestamp,label
-0.823,-0.0349,-0.1274,-18.0359,-9.9106,2.6855,2024-02-12 15:41:23.000,0.0
-0.7734,0.001,-0.1299,-20.2484,-6.485,1.5106,2024-02-12 15:41:23.016,0.0
-0.7786,0.0247,-0.0908,-22.1863,-2.0599,-2.2888,2024-02-12 15:41:23.032,0.0
-0.7952,-0.0159,-0.061,-23.8953,1.8921,-5.6992,2024-02-12 15:41:23.048,0.0
-0.8123,-0.0339,-0.073,-24.2081,4.2572,-8.255,2024-02-12 15:41:23.064,0.0
-0.8352,-0.0461,-0.093,-25.2914,4.2419,-7.9727,2024-02-12 15:41:23.084,0.0
-0.8391,-0.0327,-0.0935,-26.123,3.8986,-6.6452,2024-02-12 15:41:23.101,0.0
-0.8608,-0.0361,-0.0659,-26.4359,1.976,-3.9291,2024-02-12 15:41:23.118,0.0
-0.8635,-0.0542,-0.0632,-26.2604,-3.5629,-0.2823,2024-02-12 15:41:23.142,0.0
-0.844,-0.0513,-0.0696,-25.65,-7.2861,1.6174,2024-02-12 15:41:23.158,0.0
-0.8225,-0.0227,-0.0649,-25.2533,-8.728,2.4948,2024-02-12 15:41:23.174,0.0
-0.8103,-0.011,-0.0757,-24.3607,-5.7678,1.9302,2024-02-12 15:41:23.190,0.0
-0.793,0.0017,-0.1138,-24.5667,-0.6256,1.152,2024-02-12 15:41:23.218,0.0
-0.8032,0.0276,-0.1301,-26.123,4.0512,-0.4578,2024-02-12 15:41:23.235,0.0
-0.8171,0.0256,-0.1577,-28.6102,7.3776,-1.5488,2024-02-12 15:41:23.243,0.0
-0.8333,0.03,-0.1331,-32.8369,8.7662,-1.8845,2024-02-12 15:41:23.267,0.0
-0.8435,0.0425,-0.1211,-35.7513,6.7902,-2.4796,2024-02-12 15:41:23.283,0.0
-0.8523,0.0166,-0.1108,-38.8031,4.4403,-2.1515,2024-02-12 15:41:23.299,0.0
-0.8486,-0.002,-0.0793,-39.1922,3.006,-1.4877,2024-02-12 15:41:23.324,0.0
-0.8396,0.0085,-0.0444,-39.1464,0.5875,-0.8774,2024-02-12 15:41:23.341,0.0
-0.8357,0.0168,-0.0369,-38.1546,-2.1439,0.1755,2024-02-12 15:41:23.363,0.0
-0.8286,0.0288,-0.0308,-36.6211,-6.073,1.0452,2024-02-12 15:41:23.372,0.0
-0.8181,0.0452,-0.0396,-37.9486,-8.3237,0.6866,2024-02-12 15:41:23.396,0.0
-0.7996,0.0432,-0.0146,-38.1317,-10.7956,-2.8229,2024-02-12 15:41:23.413,0.0
-0.7839,0.0583,-0.0295,-38.1393,-10.5286,-4.6234,2024-02-12 15:41:23.429,0.0
-0.7632,0.0449,-0.0654,-41.4963,-11.7493,-8.8654,2024-02-12 15:41:23.445,0.0
-0.7695,0.0356,-0.0874,-45.517,-10.437,-12.001,2024-02-12 15:41:23.462,0.0
-0.8052,0.0129,-0.0803,-49.5529,-10.2768,-14.3814,2024-02-12 15:41:23.486,0.0
-0.8398,0.0044,-0.0591,-49.7131,-11.3907,-13.3667,2024-02-12 15:41:23.497,0.0
-0.8811,0.0669,-0.0642,-47.1954,-9.552,-4.9591,2024-02-12 15:41:23.521,0.0
-0.8652,0.0603,-0.071,-47.2794,-8.1711,1.9302,2024-02-12 15:41:23.546,0.0
-0.8157,-0.0496,-0.0542,-46.5469,-10.6049,-2.2964,2024-02-12 15:41:23.554,0.0
-0.8633,-0.1001,-0.0337,-40.0009,-10.9482,-11.8103,2024-02-12 15:41:23.570,0.0
-0.9131,-0.1179,-0.0723,-36.0336,-16.8228,-15.3122,2024-02-12 15:41:23.597,0.0
-0.9119,-0.0977,-0.0706,-34.3781,-25.5051,-11.9476,2024-02-12 15:41:23.613,0.0
-0.8232,-0.1189,-0.0586,-33.4702,-26.4664,-10.2463,2024-02-12 15:41:23.629,0.0
-0.741,-0.1355,0.0156,-30.6396,-16.2048,-12.4893,2024-02-12 15:41:23.645,0.0
-0.7456,-0.1443,0.0896,-26.123,8.4076,-19.7525,2024-02-12 15:41:23.662,0.0
-0.8496,-0.1494,0.115,-25.2457,23.8571,-24.437,2024-02-12 15:41:23.687,0.0
-0.9619,-0.198,0.1399,-22.1634,27.0844,-24.6429,2024-02-12 15:41:23.703,0.0
-1.001,-0.2261,0.0928,-15.48,13.5574,-23.0637,2024-02-12 15:41:23.719,0.0
-1.009,-0.2322,0.0544,-12.1078,-9.9716,-19.0887,2024-02-12 15:41:23.736,0.0
-0.908,-0.2739,0.0701,-11.6806,-30.983,-11.4212,2024-02-12 15:41:23.752,0.0
-0.769,-0.251,0.1177,-11.5128,-36.6745,-7.0801,2024-02-12 15:41:23.769,0.0
-0.6548,-0.1873,0.1121,-11.7416,-23.1094,-6.9275,2024-02-12 15:41:23.793,0.0
-0.6572,-0.1199,0.1045,-15.7242,-10.3073,-9.6512,2024-02-12 15:41:23.809,0.0
-0.7471,-0.0557,0.1111,-22.0642,-4.1351,-8.3694,2024-02-12 15:41:23.833,0.0
-0.8301,-0.0032,0.1494,-26.3977,-4.9744,-1.4038,2024-02-12 15:41:23.841,0.0
-0.8652,0.0105,0.1558,-28.4576,-9.8801,9.0332,2024-02-12 15:41:23.865,0.0
-0.8157,-0.0325,0.0964,-27.6337,-13.0692,16.2659,2024-02-12 15:41:23.882,0.0
-0.688,-0.3186,-0.2734,-14.3356,17.6468,6.8207,2024-02-12 15:41:23.901,0.0
-0.9343,-0.0647,-0.2849,-2.8915,44.4336,-28.3356,2024-02-12 15:41:23.917,0.0
-1.0466,-0.1057,0.3909,-10.8948,-1.2131,-42.0532,2024-02-12 15:41:23.941,0.0
-1.1462,-0.1421,0.1428,5.4321,-23.735,-39.4897,2024-02-12 15:41:23.958,0.0
-1.0396,-0.1379,-0.2917,-2.121,-54.8401,-9.9335,2024-02-12 15:41:23.974,0.0
-0.5952,-0.1079,-0.2517,-21.8048,-77.2629,3.2272,2024-02-12 15:41:23.998,0.0
-0.4402,-0.0664,-0.0305,-22.0871,-43.0527,-6.2485,2024-02-12 15:41:24.015,0.0
-0.5603,-0.0798,0.0435,-13.0386,16.9754,-22.3923,2024-02-12 15:41:24.031,0.0
-0.9082,-0.1575,-0.0305,0.5798,46.9742,-31.7917,2024-02-12 15:41:24.047,0.0
-1.125,-0.1333,-0.198,2.8152,34.5001,-18.219,2024-02-12 15:41:24.063,0.0
-1.0742,-0.0498,-0.2319,-7.1106,2.1439,1.9989,2024-02-12 15:41:24.080,0.0
-0.8564,0.0132,-0.1453,-10.5057,-18.3945,12.6724,2024-02-12 15:41:24.104,0.0
-0.6851,0.0481,-0.1201,-12.3138,-5.7983,12.7792,2024-02-12 15:41:24.121,0.0
-0.6277,0.0151,-0.095,-13.7711,24.437,4.1351,2024-02-12 15:41:24.137,0.0
-0.7583,-0.0474,-0.01,-12.9013,49.0189,-3.4409,2024-02-12 15:41:24.162,0.0
-0.8984,-0.0759,0.0847,-9.1934,49.53,-6.0043,2024-02-12 15:41:24.178,0.0
-1.0549,-0.0798,0.1404,-1.6708,33.3481,0.3433,2024-02-12 15:41:24.194,0.0
-1.0454,-0.041,0.0828,4.0054,14.801,11.8713,2024-02-12 15:41:24.218,0.0
-0.8943,0.022,0.0076,2.9144,1.915,16.8457,2024-02-12 15:41:24.234,0.0
-0.8052,0.0703,0.0237,-0.6638,2.2354,13.5193,2024-02-12 15:41:24.250,0.0
-0.8008,0.0605,0.0542,-2.5253,10.7269,10.4218,2024-02-12 15:41:24.266,0.0
-0.8318,0.0354,0.0515,-3.2425,13.7787,8.5068,2024-02-12 15:41:24.282,0.0
-0.8362,0.0173,0.0508,-2.4643,6.5155,6.7139,2024-02-12 15:41:24.306,0.0
-0.7957,0.0095,0.0701,-0.2289,0.5112,4.3793,2024-02-12 15:41:24.323,0.0
-0.7791,-0.0237,0.0942,3.9978,-0.3738,1.1215,2024-02-12 15:41:24.340,0.0
-0.7822,-0.0745,0.1125,9.2392,-0.9308,-2.739,2024-02-12 15:41:24.357,0.0
-0.7925,-0.1255,0.1301,15.6326,-4.2267,-6.6299,2024-02-12 15:41:24.381,0.0
-0.8059,-0.1367,0.0967,23.3459,-11.2152,-10.2539,2024-02-12 15:41:24.405,0.0
-0.8354,0.0012,-0.2524,28.511,-0.1602,-6.7673,2024-02-12 15:41:24.413,0.0
-1.0046,-0.0735,-0.5305,10.9711,28.6865,-4.4403,2024-02-12 15:41:24.437,0.0
-1.1616,0.0562,-0.1489,1.7853,16.7923,13.3438,2024-02-12 15:41:24.454,0.0
-1.0161,-0.02,0.1052,9.6283,-10.0174,25.3372,2024-02-12 15:41:24.470,0.0
-0.8267,-0.1206,-0.0447,20.401,-25.6348,24.4446,2024-02-12 15:41:24.487,0.0
-0.5886,-0.1545,-0.083,21.8887,-42.5415,12.3901,2024-02-12 15:41:24.503,0.0
-0.5293,-0.1797,0.0674,29.0756,-27.7939,2.2888,2024-02-12 15:41:24.527,0.0
-0.5916,-0.1135,0.1113,39.3448,2.8992,-5.3635,2024-02-12 15:41:24.543,0.0
-0.8154,-0.0537,-0.0972,37.6282,30.7159,-6.279,2024-02-12 15:41:24.559,0.0
-1.0742,-0.0522,-0.1499,29.747,42.3355,0.6485,2024-02-12 15:41:24.580,0.0
-1.0737,-0.0852,-0.0549,26.8631,4.6234,5.6458,2024-02-12 15:41:24.597,0.0
-0.9609,-0.1584,-0.0103,30.5557,-36.8881,7.2556,2024-02-12 15:41:24.613,0.0
-0.7551,-0.147,-0.0386,34.523,-39.8865,4.9744,2024-02-12 15:41:24.635,0.0
-0.6643,-0.1001,-0.0703,35.2783,-18.0054,2.6627,2024-02-12 15:41:24.659,0.0
-0.6418,-0.0486,-0.1072,33.1573,5.3864,1.2131,2024-02-12 15:41:24.675,0.0
-0.7754,-0.0088,-0.0764,28.2745,21.8353,0.4349,2024-02-12 15:41:24.701,0.0
-0.9307,-0.0059,-0.0752,22.2321,18.6234,2.3727,2024-02-12 15:41:24.709,0.0
-0.9827,-0.0127,-0.0854,16.0141,4.0512,3.83,2024-02-12 15:41:24.717,0.0
-0.9146,-0.0022,-0.0889,8.4076,-14.4043,3.5858,2024-02-12 15:41:24.741,0.0
-0.842,0.0293,-0.0701,2.594,-19.7372,1.9226,2024-02-12 15:41:24.757,0.0
-0.7976,0.0486,-0.0603,-2.8458,-16.9373,-0.7629,2024-02-12 15:41:24.773,0.0
-0.7954,0.0291,-0.0747,-9.1324,-12.1918,-2.4948,2024-02-12 15:41:24.798,0.0
-0.8247,-0.0024,-0.0854,-14.2136,-11.6348,-1.6327,2024-02-12 15:41:24.814,3.0
-0.8293,-0.0337,-0.0659,-18.8828,-13.8931,0.9995,2024-02-12 15:41:24.830,3.0
-0.7939,-0.043,-0.0508,-20.7062,-11.5662,0.9918,2024-02-12 15:41:24.855,3.0
-0.7949,-0.0156,-0.0435,-21.3776,-3.9139,-0.412,2024-02-12 15:41:24.871,3.0
-0.8215,0.0039,-0.0645,-22.6974,0.946,-2.037,2024-02-12 15:41:24.879,3.0
-0.8677,0.001,-0.0637,-24.7345,-2.388,-2.2354,2024-02-12 15:41:24.904,3.0
-0.8691,-0.0295,-0.0264,-25.0702,-8.5144,-1.2817,2024-02-12 15:41:24.921,3.0
-0.8181,-0.0583,0.0146,-22.3923,-13.7939,-0.267,2024-02-12 15:41:24.944,3.0
-0.7676,-0.0979,0.0896,-17.1585,-7.8125,-1.3809,2024-02-12 15:41:24.961,3.0
-0.7534,-0.1201,0.1216,-10.5438,2.533,-2.655,2024-02-12 15:41:24.976,3.0
-0.7773,-0.1357,0.1157,-3.1891,14.3127,-4.1199,2024-02-12 15:41:25.001,3.0
-0.8232,-0.1526,0.1025,2.243,21.0648,-4.1504,2024-02-12 15:41:25.017,3.0
-0.8572,-0.1631,0.1357,9.285,24.1776,-2.0065,2024-02-12 15:41:25.033,3.0
-0.8867,-0.1665,0.1416,16.9449,22.7509,1.358,2024-02-12 15:41:25.049,3.0
-0.8984,-0.1829,0.1345,22.1176,19.8135,4.2191,2024-02-12 15:41:25.071,3.0
-0.8911,-0.1748,0.0913,25.7034,15.9836,6.1111,2024-02-12 15:41:25.088,3.0
-0.8623,-0.1455,0.0723,28.1525,13.3591,7.225,2024-02-12 15:41:25.104,3.0
-0.8159,-0.1089,0.0469,29.3655,12.3672,5.6915,2024-02-12 15:41:25.128,3.0
-0.8086,-0.0862,0.0615,30.098,15.1062,3.1891,2024-02-12 15:41:25.144,3.0
-0.8206,-0.0764,0.0627,29.7775,17.5781,1.6174,2024-02-12 15:41:25.169,3.0
-0.8489,-0.0527,0.032,28.4042,17.3645,0.6104,2024-02-12 15:41:25.178,3.0
-0.877,-0.0383,0.0029,25.6119,13.1836,0.4883,2024-02-12 15:41:25.194,3.0
-0.8735,-0.0361,-0.0022,23.262,7.9575,-0.0687,2024-02-12 15:41:25.227,3.0
-0.8716,-0.0386,-0.0217,21.9803,4.0741,0.1602,2024-02-12 15:41:25.235,3.0
-0.8381,-0.0532,-0.0364,20.3857,0.679,0.061,2024-02-12 15:41:25.251,3.0
-0.8367,-0.0864,-0.0051,20.3094,0.9537,-0.0381,2024-02-12 15:41:25.268,3.0
-0.8474,-0.106,0.0286,23.056,2.6627,-0.145,2024-02-12 15:41:25.292,3.0
-0.8523,-0.1282,0.0012,26.8097,0.8469,-0.618,2024-02-12 15:41:25.308,3.0
-0.8413,-0.127,-0.0381,30.7922,-3.1281,0.0,2024-02-12 15:41:25.367,3.0
-0.8025,-0.1025,-0.0627,31.2347,-4.1885,-0.206,2024-02-12 15:41:25.367,3.0
-0.7913,-0.0908,-0.0154,33.2489,-2.388,-0.9155,2024-02-12 15:41:27.581,3.0
-0.7888,-0.0442,-0.0273,36.5982,2.655,-0.412,2024-02-12 15:41:27.581,3.0
-0.8054,-0.054,-0.0156,38.6734,6.5308,-0.5341,2024-02-12 15:41:27.589,3.0
-0.8171,-0.0881,-0.031,41.4352,8.4991,0.0916,2024-02-12 15:41:27.589,3.0
-0.8008,-0.0774,-0.0813,42.1219,8.8806,0.824,2024-02-12 15:41:27.589,3.0
-0.7644,-0.0723,-0.1182,39.1769,10.6812,-1.2665,2024-02-12 15:41:27.589,3.0
-0.8843,0.021,-0.0449,21.2555,9.3918,-6.1264,2024-02-12 15:41:27.589,3.0
-0.8848,0.0374,-0.0281,16.0294,4.9591,-6.7215,2024-02-12 15:41:27.589,3.0
-0.8569,0.0464,-0.0266,10.7346,0.4272,-5.1956,2024-02-12 15:41:27.838,3.0
-0.8345,-0.2227,0.1626,-28.2745,0.5722,-9.6817,2024-02-12 15:41:27.838,3.0
-0.9587,-0.2634,0.2476,-22.2168,10.2692,-17.6086,2024-02-12 15:41:27.846,3.0
-1.0217,-0.2405,0.3057,-13.0157,8.8043,-18.7759,2024-02-12 15:41:27.863,3.0
-0.9995,-0.1367,0.3613,-11.1313,-7.4997,-18.0359,2024-02-12 15:41:27.879,3.0
-0.9133,-0.1116,0.4219,-11.3449,-12.1384,-16.9144,2024-02-12 15:41:27.895,3.0
-0.6526,-0.4722,0.1782,-14.2212,11.6043,-25.3677,2024-02-12 15:41:27.936,3.0
-0.7454,-0.4707,0.0547,-7.9193,69.0689,-53.3524,2024-02-12 15:41:27.952,3.0
-1.0583,-0.4583,0.0642,3.479,79.1626,-86.1511,2024-02-12 15:41:27.952,3.0
-1.4231,-0.5994,0.0073,16.2964,62.4695,-101.2497,2024-02-12 15:41:27.968,3.0
-1.6982,-0.5972,-0.1641,60.5087,8.2016,-61.7371,2024-02-12 15:41:27.985,3.0
-1.2302,-0.3557,-0.4868,52.1088,-64.3387,-14.7552,2024-02-12 15:41:28.000,3.0
-0.8596,-0.2625,-0.4592,27.3895,-93.8873,18.7225,2024-02-12 15:41:28.017,3.0
-0.4885,-0.1426,-0.4185,6.9733,-68.2297,42.2058,2024-02-12 15:41:28.041,3.0
-0.3696,0.0522,-0.3699,-6.2103,-7.2098,23.9105,2024-02-12 15:41:28.057,3.0
-0.7632,0.2131,-0.2305,-18.5471,46.8445,-10.704,2024-02-12 15:41:28.081,3.0
-1.1406,0.1377,-0.1907,-14.1449,66.5131,-7.2861,2024-02-12 15:41:28.098,3.0
-1.2234,0.0076,-0.3362,-18.7378,52.1317,15.77,2024-02-12 15:41:28.117,3.0
-0.9875,-0.0562,-0.2866,-34.1873,6.3705,38.2462,2024-02-12 15:41:28.141,3.0
-0.6807,-0.1748,-0.1687,-37.8113,-16.0599,45.0516,2024-02-12 15:41:28.149,3.0
-0.5664,-0.2693,-0.1489,-32.9132,4.2496,46.051,2024-02-12 15:41:28.165,3.0
-0.5952,-0.2993,-0.0896,-23.3002,43.8538,46.9666,2024-02-12 15:41:28.182,3.0
-0.6958,-0.2754,-0.1257,-16.1057,53.1998,48.0957,2024-02-12 15:41:28.199,3.0
-0.8547,-0.1804,-0.0264,-9.8801,23.7885,50.3006,2024-02-12 15:41:28.225,3.0
-0.8525,-0.1387,-0.0015,-2.8915,-19.2642,51.4526,2024-02-12 15:41:28.234,3.0
-0.688,-0.1045,-0.0535,2.1973,-51.3535,49.6063,2024-02-12 15:41:28.257,3.0
-0.5515,-0.0737,-0.061,4.8065,-54.6112,42.366,2024-02-12 15:41:28.273,3.0
-0.3635,0.0334,-0.0867,8.11,-32.7988,30.1285,2024-02-12 15:41:28.298,3.0
-0.3794,0.0693,0.0171,11.2457,-10.6125,15.5106,2024-02-12 15:41:28.309,3.0
-0.4182,0.0427,0.0937,15.2969,-3.2425,2.3727,2024-02-12 15:41:28.326,3.0
-0.4946,0.0066,0.1545,21.7361,-5.1193,-5.1193,2024-02-12 15:41:28.342,3.0
-0.5327,-0.0046,0.1562,31.4941,-3.1509,-9.6436,2024-02-12 15:41:28.358,3.0
-0.6946,0.0168,0.0881,43.5257,12.5427,-15.3885,2024-02-12 15:41:28.382,3.0
-0.8489,0.0212,0.0029,43.6249,15.0757,-19.7601,2024-02-12 15:41:28.407,3.0
-1.0808,-0.0889,0.104,39.1922,-1.2436,-17.6392,2024-02-12 15:41:28.423,3.0
-1.1711,-0.1372,0.1748,34.996,-18.8217,-7.9422,2024-02-12 15:41:28.439,3.0
-1.1685,0.1738,0.1399,33.5999,-5.3864,10.1624,2024-02-12 15:41:28.464,3.0
-1.0388,0.2871,-0.0066,24.3073,10.5133,15.213,2024-02-12 15:41:28.472,3.0
-0.9414,0.2891,0.0344,8.9111,-7.5531,11.879,2024-02-12 15:41:28.496,3.0
-0.8596,0.1875,0.3054,3.1662,-26.4587,12.1384,2024-02-12 15:41:28.512,3.0
-0.8643,0.2991,0.1611,19.0201,16.1438,22.8195,2024-02-12 15:41:28.529,3.0
-1.074,0.1802,-0.2566,19.516,98.4497,24.1928,2024-02-12 15:41:28.554,3.0
-1.6211,0.1553,-0.5483,7.7133,130.2261,42.8391,2024-02-12 15:41:28.562,3.0
-1.6357,-0.0195,-0.6555,-13.3133,48.7671,74.9588,2024-02-12 15:41:28.578,3.0
-1.1414,-0.1245,-0.5066,-22.9797,-80.246,68.5043,2024-02-12 15:41:28.602,3.0
-0.6287,-0.2632,-0.4028,-14.6561,-154.6478,46.3791,2024-02-12 15:41:28.618,3.0
-0.3806,-0.1519,-0.2222,-5.1193,-112.6709,32.6538,2024-02-12 15:41:28.634,3.0
-0.384,-0.0889,-0.009,1.1597,-19.4016,10.9863,2024-02-12 15:41:28.650,3.0
-0.6248,-0.0972,-0.0142,12.7411,53.9246,-24.7955,2024-02-12 15:41:28.675,3.0
-1.0273,-0.1899,-0.415,6.4926,80.2994,-51.4297,2024-02-12 15:41:28.691,3.0
-1.4463,-0.2402,-0.3098,-9.3613,41.1224,-44.2886,2024-02-12 15:41:28.707,3.0
-1.2751,-0.1143,-0.1306,-18.3029,-57.6248,-33.2794,2024-02-12 15:41:28.724,3.0
-0.8193,0.0845,-0.1592,-30.1819,-110.2829,-37.9181,2024-02-12 15:41:28.749,3.0
-0.4792,0.106,-0.1538,-34.5459,-84.6481,-45.5856,2024-02-12 15:41:28.783,3.0
-0.3027,0.0735,-0.1067,-35.6216,-37.6434,-53.7643,2024-02-12 15:41:28.783,3.0
-0.3105,0.0037,-0.0667,-37.1933,1.0681,-58.1818,2024-02-12 15:41:28.800,3.0
-0.4526,-0.1172,-0.041,-40.0467,27.3438,-58.1512,2024-02-12 15:41:28.816,3.0
-0.6382,-0.2297,0.0244,-37.8113,21.5378,-56.2057,2024-02-12 15:41:28.840,3.0
-0.7615,-0.2542,0.0408,-30.6702,-13.7482,-43.7088,2024-02-12 15:41:28.849,3.0
-0.6707,-0.2288,0.0364,-25.3754,-54.7333,-29.3808,2024-02-12 15:41:28.874,3.0
-0.5669,-0.1562,0.1753,-18.5089,-63.4613,-17.2577,2024-02-12 15:41:28.890,3.0
-0.5081,-0.125,0.2104,-11.6348,-46.6995,-7.576,2024-02-12 15:41:28.931,3.0
-0.5667,-0.1067,0.2593,-6.0349,-24.0479,2.8,2024-02-12 15:41:28.955,3.0
-0.6968,-0.0808,0.2729,0.3891,-4.6921,13.2599,2024-02-12 15:41:28.955,3.0
-0.7605,-0.0889,0.1746,-0.0305,3.6545,24.0479,2024-02-12 15:41:28.963,3.0
-0.7334,-0.1355,0.1733,-2.8458,-5.8517,30.1971,2024-02-12 15:41:28.979,3.0
-0.6528,-0.1584,0.2134,-1.8539,-9.9564,28.6865,2024-02-12 15:41:28.997,3.0
-0.6262,-0.0952,0.2454,-2.7084,6.7368,11.7188,2024-02-12 15:41:29.022,3.0
-0.7397,-0.0664,0.0696,-11.116,42.244,-12.7106,2024-02-12 15:41:29.039,3.0
-1.0696,-0.1277,0.2139,-7.0419,58.3115,-26.535,2024-02-12 15:41:29.107,3.0
-1.2534,-0.085,0.2095,-7.4158,35.9497,-24.4293,2024-02-12 15:41:29.148,3.0
-1.3521,0.0911,0.2751,-22.5525,0.4349,-13.7405,2024-02-12 15:41:29.148,3.0
-1.1787,0.2209,0.3276,-37.1552,-15.5869,1.4267,2024-02-12 15:41:29.148,3.0
-0.905,0.2581,0.3743,-54.8019,-15.6174,2.4033,2024-02-12 15:41:29.148,3.0
-0.7371,0.1787,0.3267,-71.6095,-0.5569,-1.358,2024-02-12 15:41:29.156,3.0
-0.6523,-0.3884,0.1235,-87.9364,66.7572,-34.9655,2024-02-12 15:41:29.164,3.0
-1.0767,-0.3901,0.1284,-73.2422,117.4393,-80.5588,2024-02-12 15:41:29.172,3.0
-1.6309,-0.8,-0.1311,-44.2734,68.9545,-84.7778,2024-02-12 15:41:29.188,3.0
-1.613,-0.7258,-0.3337,-8.3466,-17.4561,-50.7431,2024-02-12 15:41:29.206,3.0
-1.1404,-0.5044,-0.6165,-7.7591,-102.0966,-14.267,2024-02-12 15:41:29.222,3.0
-0.5608,-0.0459,-0.5149,-35.8353,-119.8959,10.4141,2024-02-12 15:41:29.248,3.0
-0.2083,0.0154,-0.2239,-70.3735,-73.7991,23.8953,2024-02-12 15:41:29.266,3.0
-0.314,-0.0752,0.0459,-71.106,23.2697,11.5051,2024-02-12 15:41:29.282,3.0
-1.0027,0.1064,0.0171,-52.3987,94.9097,-11.0092,2024-02-12 15:41:29.298,3.0
-1.5256,0.0408,-0.2075,-44.1284,78.6896,7.9651,2024-02-12 15:41:29.316,3.0
-1.4919,-0.0559,-0.2654,-42.0456,8.7891,32.0358,2024-02-12 15:41:29.339,3.0
-1.1628,-0.0964,-0.0806,-41.0538,-65.7578,51.3229,2024-02-12 15:41:29.356,3.0
-0.7576,-0.2544,0.022,-29.0222,-85.8994,53.3752,2024-02-12 15:41:29.372,3.0
-0.4829,-0.3406,-0.0239,-15.3198,-54.2297,52.6505,2024-02-12 15:41:29.447,3.0
-0.4053,-0.3892,0.0439,0.9766,-14.4272,52.1927,2024-02-12 15:41:29.671,3.0
-0.4653,-0.2959,0.0842,13.176,12.7792,48.8586,2024-02-12 15:41:29.671,3.0
-0.5383,-0.1716,0.1238,23.14,21.7438,46.0205,2024-02-12 15:41:29.671,3.0
-0.6746,-0.115,0.1843,30.3421,9.5596,40.4282,2024-02-12 15:41:29.671,3.0
-0.6975,-0.095,0.1116,36.3922,-5.9586,37.4832,2024-02-12 15:41:29.675,3.0
-0.6143,-0.0425,0.0754,40.9164,-14.3661,35.1791,2024-02-12 15:41:29.676,3.0
-0.48,0.0425,0.0552,42.3126,-12.1155,27.7786,2024-02-12 15:41:29.676,3.0
-0.3481,0.1304,0.0405,42.8009,-4.57,17.4713,2024-02-12 15:41:29.676,3.0
-0.3574,0.2322,0.1018,45.5551,10.8414,6.8512,2024-02-12 15:41:29.684,3.0
-1.2183,0.1772,-0.0505,30.304,66.33,21.7896,2024-02-12 15:41:29.700,3.0
-1.3503,-0.0027,-0.2288,25.7797,65.7654,25.9705,2024-02-12 15:41:29.748,3.0
-1.6177,0.0413,-0.2439,28.4653,74.6536,38.1165,2024-02-12 15:41:29.748,3.0
-1.4817,0.1348,-0.5833,20.2637,37.0407,60.6842,2024-02-12 15:41:29.748,3.0
-1.1318,0.1731,-0.438,1.5564,-49.3622,54.657,2024-02-12 15:41:29.765,3.0
-0.8745,-0.0527,-0.0393,15.77,-102.3788,52.4139,2024-02-12 15:41:29.797,3.0
-0.4502,-0.1855,-0.1035,29.6326,-112.1597,36.5143,2024-02-12 15:41:29.805,3.0
-0.3235,-0.1667,-0.0676,31.7764,-67.6422,10.4828,2024-02-12 15:41:29.830,3.0
-0.4421,-0.1995,0.0552,38.2538,22.2092,-13.9465,2024-02-12 15:41:29.846,3.0
-0.7708,-0.2061,-0.0852,44.1971,82.3669,-37.4756,2024-02-12 15:41:29.854,3.0
-1.3037,-0.1533,-0.3604,40.2527,100.174,-41.2598,2024-02-12 15:41:29.872,3.0
-1.4673,-0.0637,-0.2847,28.7704,29.1214,-29.7775,2024-02-12 15:41:29.891,3.0
-1.3088,0.0017,-0.1462,17.662,-82.4509,-32.6538,2024-02-12 15:41:29.907,3.0
-0.9363,-0.0181,-0.135,12.1155,-129.8676,-30.3574,2024-02-12 15:41:29.924,3.0
-0.501,-0.0269,-0.064,6.8054,-110.5499,-35.3775,2024-02-12 15:41:29.946,3.0
-0.23,-0.0786,0.0244,4.9515,-62.1948,-47.9965,2024-02-12 15:41:29.963,3.0
-0.2158,-0.2087,0.0078,1.5335,-12.7182,-57.0602,2024-02-12 15:41:29.987,3.0
-0.415,-0.1846,0.0144,-1.2512,19.1956,-52.5665,2024-02-12 15:41:30.004,3.0
-0.5669,-0.179,-0.0137,-10.994,18.1274,-44.2276,2024-02-12 15:41:30.021,3.0
-0.6526,-0.1001,0.0305,-12.9776,-5.2948,-38.4598,2024-02-12 15:41:30.046,3.0
-0.6973,-0.071,0.0383,-19.6304,-25.3677,-24.2844,2024-02-12 15:41:30.063,3.0
-0.5991,-0.0996,0.134,-22.522,-25.1083,-5.9814,2024-02-12 15:41:30.080,3.0
-0.5359,-0.1282,0.2124,-20.668,-12.2375,6.2485,2024-02-12 15:41:30.096,3.0
-0.5732,-0.1311,0.2268,-17.395,7.988,16.1133,2024-02-12 15:41:30.113,3.0
-0.667,-0.0259,0.2419,-18.6157,24.147,23.1018,2024-02-12 15:41:30.130,3.0
-0.783,-0.0254,0.2852,-18.6996,27.8931,29.2664,2024-02-12 15:41:30.155,3.0
-0.8308,-0.1252,0.2815,-12.9166,18.3029,29.274,2024-02-12 15:41:30.163,3.0
-0.8948,-0.1306,0.2312,-11.5509,7.225,20.6375,2024-02-12 15:41:30.181,3.0
-0.866,-0.1965,0.0947,-11.3602,8.4991,11.1084,2024-02-12 15:41:30.205,3.0
-0.7964,-0.1577,0.0508,-10.231,26.535,-8.8272,2024-02-12 15:41:30.213,3.0
-0.9014,-0.1724,0.1948,-12.207,46.9666,-35.6369,2024-02-12 15:41:30.238,3.0
-1.1489,-0.2163,0.5232,-16.3651,47.554,-44.8303,2024-02-12 15:41:30.270,3.0
-1.1719,-0.2363,0.4099,-9.4376,44.0369,-34.5306,2024-02-12 15:41:30.270,3.0
-1.0601,-0.2944,0.199,-11.5814,69.191,-47.7753,2024-02-12 15:41:30.295,3.0
-1.2561,-0.3091,0.0142,-3.7613,75.5997,-79.1626,2024-02-12 15:41:30.321,3.0
-1.4189,-0.5889,-0.0752,-12.3138,46.5317,-93.7653,2024-02-12 15:41:30.329,3.0
-1.5044,-0.6785,0.0547,20.9045,6.6605,-92.9794,2024-02-12 15:41:30.345,3.0
-1.3215,-0.4507,-0.3635,49.8962,-58.876,-41.748,2024-02-12 15:41:30.362,3.0
-0.7805,-0.2424,-0.4067,16.0141,-99.9985,-5.0354,2024-02-12 15:41:30.387,3.0
-0.4578,-0.2144,-0.3975,-2.1057,-85.6628,24.4064,2024-02-12 15:41:30.403,3.0
-0.1897,-0.1021,-0.2986,-12.3901,-12.8021,21.553,2024-02-12 15:41:30.420,3.0
-0.5442,0.1326,-0.1445,-21.3852,63.2477,-7.6599,2024-02-12 15:41:30.436,3.0
-1.1475,0.1204,-0.0859,-16.6016,94.3146,-11.3602,2024-02-12 15:41:30.478,3.0
-1.4119,-0.0308,-0.2173,-10.0403,73.0972,8.8959,2024-02-12 15:41:30.478,3.0
-1.3931,-0.0796,-0.3162,-20.9732,12.2147,31.5323,2024-02-12 15:41:30.494,3.0
-1.1218,-0.2004,-0.1096,-23.9105,-52.3911,44.075,2024-02-12 15:41:30.502,3.0
-0.7866,-0.2749,0.0105,-13.4583,-68.9926,55.8624,2024-02-12 15:41:30.527,3.0
-0.5601,-0.1707,-0.0786,-5.7831,-42.1753,61.4014,2024-02-12 15:41:30.543,3.0
-0.4358,-0.0806,-0.0862,-2.6398,-5.7526,60.2798,2024-02-12 15:41:30.562,3.0
-0.4658,-0.0728,0.0178,0.412,12.6572,50.4456,2024-02-12 15:41:30.578,3.0
-0.6108,-0.0505,0.1018,8.2779,9.5291,46.7911,2024-02-12 15:41:30.594,3.0
-0.6611,-0.0811,0.0879,14.4196,-4.776,46.6461,2024-02-12 15:41:30.651,3.0
-0.6716,-0.1086,0.1436,21.4539,-17.6239,44.2047,2024-02-12 15:41:30.651,3.0
-0.5383,-0.0989,0.0867,31.3568,-24.0631,36.1099,2024-02-12 15:41:30.662,3.0
-0.4888,-0.0305,0.0867,38.6734,-21.5683,25.4669,2024-02-12 15:41:30.662,3.0
-0.3364,0.0386,-0.0144,43.2281,-9.1095,11.9553,2024-02-12 15:41:30.687,3.0
-0.3616,0.0564,0.0806,46.2036,3.2043,-0.145,2024-02-12 15:41:30.703,3.0
-0.4556,0.0486,0.2046,50.415,16.8304,-12.3978,2024-02-12 15:41:30.719,3.0
-0.5969,0.0513,0.248,55.7404,26.7563,-20.1111,2024-02-12 15:41:30.743,3.0
-0.7822,0.0513,0.1399,57.7316,33.0505,-23.0865,2024-02-12 15:41:30.760,3.0
-0.9338,0.0283,0.0447,53.0853,28.5263,-18.3105,2024-02-12 15:41:30.779,3.0
-0.9707,-0.0051,-0.0483,39.0778,9.1248,-11.8484,2024-02-12 15:41:30.795,3.0
-1.0283,0.0786,-0.0339,21.9574,20.2026,-6.6071,2024-02-12 15:41:30.859,3.0
-1.176,0.1592,0.1038,17.1356,50.148,-1.1292,2024-02-12 15:41:30.867,3.0
-1.2239,0.1946,0.1353,13.1226,43.663,8.2092,2024-02-12 15:41:30.899,3.0
-1.1538,0.1885,0.179,5.4398,12.558,12.146,2024-02-12 15:41:30.915,3.0
-1.186,0.29,0.0022,12.3596,33.577,20.3247,2024-02-12 15:41:30.923,3.0
-1.3752,0.1204,-0.166,7.309,80.307,25.032,2024-02-12 15:41:30.931,3.0
-1.6062,0.2043,-0.3772,3.2959,81.9397,50.7431,2024-02-12 15:41:30.931,3.0
-1.2573,0.1819,-0.6909,-26.1383,-1.0757,69.2673,2024-02-12 15:41:30.948,3.0
-1.0015,0.106,-0.3762,-38.4216,-83.2062,60.9818,2024-02-12 15:41:30.948,3.0
-0.562,-0.0923,-0.1292,-27.4124,-110.8246,53.2532,2024-02-12 15:41:33.111,3.0
-0.2053,-0.2488,-0.0811,-19.5084,-74.1882,13.0615,2024-02-12 15:41:33.111,3.0
-0.45,-0.2124,0.1655,-1.3046,14.1983,-23.0637,2024-02-12 15:41:33.111,3.0
-0.8269,-0.1904,0.0574,19.5084,67.215,-40.9164,2024-02-12 15:41:33.111,3.0
-1.2024,-0.1052,-0.2598,17.952,64.6667,-46.2265,2024-02-12 15:41:33.119,3.0
-1.4607,-0.0815,-0.4214,2.4338,30.159,-37.2543,2024-02-12 15:41:33.120,3.0
-1.3806,-0.123,-0.1216,-6.8741,-47.2488,-30.1437,2024-02-12 15:41:33.120,3.0
-1.1333,-0.0862,-0.0684,-3.1281,-117.8894,-25.0931,2024-02-12 15:41:33.120,3.0
-0.7507,-0.0288,-0.1465,-8.3237,-128.2883,-22.4762,2024-02-12 15:41:33.378,3.0
-0.4629,-0.3005,0.0872,-6.6452,37.2086,-29.5486,2024-02-12 15:41:33.378,3.0
-0.8667,-0.2671,-0.0244,9.0179,80.7953,-48.3475,2024-02-12 15:41:33.378,3.0
-1.2825,-0.1511,-0.3542,6.0654,77.3163,-49.7589,2024-02-12 15:41:33.396,3.0
-1.4309,-0.0937,-0.2292,-8.5602,17.395,-35.5988,2024-02-12 15:41:33.401,3.0
-1.249,-0.0908,-0.0469,-14.1754,-70.7321,-33.699,2024-02-12 15:41:33.426,3.0
-0.999,-0.0281,-0.0479,-15.3427,-108.7341,-33.2565,2024-02-12 15:41:33.433,3.0
-0.4841,0.0225,-0.0784,-21.9345,-89.4241,-40.3137,2024-02-12 15:41:33.466,3.0
-0.3015,0.022,-0.0437,-27.8778,-53.9703,-54.1916,2024-02-12 15:41:33.500,3.0
-0.3408,-0.0305,0.0132,-33.6075,-17.7307,-64.6896,2024-02-12 15:41:33.519,3.0
-0.5723,-0.0857,0.0352,-41.3055,10.5286,-62.7441,2024-02-12 15:41:33.519,3.0
-0.6592,-0.1201,0.0588,-43.7546,11.5891,-55.2292,2024-02-12 15:41:33.527,3.0
-0.7766,-0.1206,0.179,-43.0298,-7.1487,-44.2505,2024-02-12 15:41:33.552,3.0
-0.6497,-0.1284,0.0986,-42.9535,-24.2462,-30.1056,2024-02-12 15:41:33.561,3.0
-0.5356,-0.1338,0.1084,-42.8467,-24.0631,-17.6468,2024-02-12 15:41:33.578,3.0
-0.4282,-0.1494,0.1211,-43.4036,-2.8687,-7.0877,2024-02-12 15:41:33.602,3.0
-0.4736,-0.1973,0.1514,-41.8777,18.074,0.6485,2024-02-12 15:41:33.618,3.0
-0.5889,-0.179,0.218,-38.3377,29.8309,11.4517,2024-02-12 15:41:33.635,3.0
-0.7556,-0.114,0.2979,-34.3399,28.1754,24.147,2024-02-12 15:41:33.651,3.0
-0.8555,-0.085,0.3533,-27.5574,15.1825,34.256,2024-02-12 15:41:33.667,3.0
-0.8772,-0.1799,0.283,-19.2337,-0.3586,39.0549,2024-02-12 15:41:33.683,3.0
-0.8413,-0.2095,0.209,-13.2904,-10.3073,30.5176,2024-02-12 15:41:33.699,3.0
-0.7632,-0.1838,0.0979,-13.4048,-8.5449,12.2833,2024-02-12 15:41:33.711,3.0
-0.7722,-0.1101,0.1104,-8.0643,13.1378,-7.4005,2024-02-12 15:41:33.727,3.0
-0.8687,-0.0837,0.1575,-4.921,47.9507,-32.814,2024-02-12 15:41:33.752,3.0
-1.0994,-0.1157,0.3259,-16.5787,54.4586,-41.2216,2024-02-12 15:41:33.768,3.0
-1.2458,-0.0107,0.4336,-18.6081,40.8401,-32.7225,2024-02-12 15:41:33.777,3.0
-1.1433,0.0559,0.2576,-24.3073,9.613,-17.5552,2024-02-12 15:41:33.801,3.0
-0.8997,-0.2827,0.0527,-41.3361,16.0294,-32.0206,2024-02-12 15:41:33.818,3.0
-1.0522,-0.3723,0.2222,-29.5029,44.9295,-64.8651,2024-02-12 15:41:33.834,3.0
-1.2122,-0.6797,-0.0103,-25.9705,47.7676,-84.3048,2024-02-12 15:41:33.851,3.0
-1.2661,-0.8123,0.0144,16.922,44.3726,-98.7778,2024-02-12 15:41:33.860,3.0
-1.4888,-0.4529,-0.3333,41.6031,-13.8931,-71.5561,2024-02-12 15:41:33.877,3.0
-1.1313,-0.2063,-0.3608,19.9203,-69.9615,-41.9693,2024-02-12 15:41:33.893,3.0
-0.8354,-0.0659,-0.3474,3.4027,-99.5483,-2.8076,2024-02-12 15:41:33.917,3.0
-0.4827,-0.1055,-0.2893,-13.2294,-77.3849,25.2228,2024-02-12 15:41:33.933,3.0
-0.4133,-0.1064,-0.2283,-23.7808,-14.5569,23.9944,2024-02-12 15:41:33.949,3.0
-0.7429,0.0466,0.0054,-26.3901,42.6712,16.8304,2024-02-12 15:41:33.965,3.0
-1.1794,0.137,-0.0703,-18.6157,71.785,14.9765,2024-02-12 15:41:33.982,3.0
-1.3618,0.0693,-0.2729,-14.9689,65.0406,22.0337,2024-02-12 15:41:33.990,3.0
-1.3237,0.0029,-0.2854,-26.0391,2.1591,30.4947,2024-02-12 15:41:34.007,3.0
-1.1768,-0.1089,0.0374,-24.8566,-54.5273,41.1682,2024-02-12 15:41:34.023,3.0
-0.957,-0.2146,0.0583,-10.2005,-66.5512,55.069,2024-02-12 15:41:34.039,3.0
-0.7109,-0.2793,-0.105,-2.2278,-46.2723,65.8264,2024-02-12 15:41:34.056,3.0
-0.5027,-0.2488,-0.0876,2.4872,-22.2168,64.6667,2024-02-12 15:41:34.082,3.0
-0.5046,-0.1877,0.0723,11.6348,-9.613,54.2145,2024-02-12 15:41:34.099,3.0
-0.5857,-0.0945,0.1394,22.4304,-6.1646,48.912,2024-02-12 15:41:34.116,3.0
-0.5588,-0.0349,0.0693,30.2505,-12.4969,45.4254,2024-02-12 15:41:34.136,3.0
-0.5491,0.0181,0.1008,35.1028,-23.2925,38.3377,2024-02-12 15:41:34.152,3.0
-0.353,0.0654,-0.0361,36.6898,-20.6299,28.7552,2024-02-12 15:41:34.176,3.0
-0.3181,0.1013,0.0559,37.2162,-3.4866,16.9754,2024-02-12 15:41:34.193,3.0
-0.2793,0.106,0.1106,39.3524,13.9923,4.6082,2024-02-12 15:41:34.201,3.0
-0.3633,0.0818,0.1714,42.2592,31.9595,-7.6675,2024-02-12 15:41:34.226,3.0
-0.5376,0.0852,0.2358,42.7399,40.7486,-16.1438,2024-02-12 15:41:34.243,3.0
-0.7791,0.0667,0.2368,41.6718,40.5273,-24.1013,2024-02-12 15:41:34.259,3.0
-0.9905,0.05,0.2004,41.7557,22.7585,-18.959,2024-02-12 15:41:34.276,3.0
-0.9766,0.0835,-0.0076,30.8914,-14.0915,-6.7062,2024-02-12 15:41:34.301,3.0
-0.8682,0.1809,-0.1416,12.8784,-10.9711,0.885,2024-02-12 15:41:34.317,3.0
-0.9702,0.1555,0.1106,3.3417,40.3976,1.4496,2024-02-12 15:41:34.334,3.0
-1.0862,0.1621,0.2881,8.7738,62.8815,4.9591,2024-02-12 15:41:34.358,3.0
-1.1125,0.0676,0.3572,11.8332,46.5698,7.1945,2024-02-12 15:41:34.366,3.0
-1.1165,0.0757,0.2271,27.0462,43.6401,9.0179,2024-02-12 15:41:34.390,3.0
-1.2927,-0.0227,-0.0325,31.7917,75.6989,11.322,2024-02-12 15:41:34.408,3.0
-1.5352,0.2546,-0.2578,29.2664,84.2361,31.9824,2024-02-12 15:41:34.424,3.0
-1.3923,0.4211,-0.6663,3.9978,33.6227,56.1905,2024-02-12 15:41:34.442,3.0
-1.228,0.3049,-0.5417,-25.795,-34.8358,59.9899,2024-02-12 15:41:34.458,3.0
-0.8904,-0.0681,-0.2361,-26.1154,-92.3309,61.9736,2024-02-12 15:41:34.483,3.0
-0.4702,-0.3059,-0.1909,-12.3749,-106.3614,41.7862,2024-02-12 15:41:34.507,3.0
-0.3452,-0.2786,-0.0674,0.3128,-70.5795,12.7945,2024-02-12 15:41:34.516,3.0
-0.5015,-0.3174,0.1387,16.4337,-3.5934,-9.6359,2024-02-12 15:41:34.532,3.0
-0.7703,-0.3022,0.0557,35.4614,56.2286,-32.28,2024-02-12 15:41:34.550,3.0
-1.2324,-0.1589,-0.2463,33.2718,75.9811,-44.136,2024-02-12 15:41:34.574,3.0
-1.3594,-0.106,-0.1785,21.4386,22.2473,-32.3334,2024-02-12 15:41:34.583,3.0
-1.188,-0.0334,-0.0854,14.9612,-74.5316,-27.8473,2024-02-12 15:41:34.600,3.0
-0.8667,0.0437,-0.1321,7.3547,-112.9227,-28.0228,2024-02-12 15:41:34.624,3.0
-0.4949,0.0847,-0.1562,-1.8692,-95.6802,-34.2255,2024-02-12 15:41:34.641,3.0
-0.283,0.0703,-0.1064,-13.1454,-60.0433,-46.814,2024-02-12 15:41:34.658,3.0
-0.2908,0.002,-0.0427,-24.437,-20.1492,-57.0679,2024-02-12 15:41:34.682,3.0
-0.469,-0.0701,0.0635,-31.7154,12.2299,-56.9611,2024-02-12 15:41:34.700,3.0
-0.6523,-0.1277,0.0952,-35.2631,22.3541,-47.699,2024-02-12 15:41:34.716,3.0
-0.6892,-0.1548,0.0396,-37.0407,10.231,-35.3546,2024-02-12 15:41:34.732,3.0
-0.7063,-0.1716,0.1118,-37.0712,-5.7831,-16.4261,2024-02-12 15:41:34.750,3.0
-0.6038,-0.1516,0.175,-36.377,-11.3449,-4.4098,2024-02-12 15:41:34.767,3.0
-0.55,-0.134,0.2317,-31.9824,-7.7896,6.2866,2024-02-12 15:41:34.791,3.0
-0.5396,-0.1421,0.229,-29.3884,1.564,15.2969,2024-02-12 15:41:34.808,3.0
-0.573,-0.1428,0.2603,-25.9705,15.48,23.5901,2024-02-12 15:41:34.817,3.0
-0.6536,-0.137,0.3035,-20.7748,24.3912,29.5258,2024-02-12 15:41:34.833,3.0
-0.7588,-0.1953,0.2695,-13.9236,25.3983,31.6772,2024-02-12 15:41:34.858,3.0
-0.8435,-0.1724,0.1357,-12.8098,21.9345,27.1454,2024-02-12 15:41:34.883,3.0
-0.9478,-0.0569,0.0647,-16.4871,14.4119,19.4321,2024-02-12 15:41:34.891,3.0
-0.9802,0.074,0.0256,-22.0108,16.8762,8.7051,2024-02-12 15:41:34.907,3.0
-0.9688,0.1719,0.061,-30.9296,25.7645,-12.4359,2024-02-12 15:41:34.923,3.0
-1.0669,0.0549,0.127,-41.8091,29.5334,-27.2064,2024-02-12 15:41:34.931,3.0
-1.1096,-0.0889,0.2422,-49.2401,25.3754,-26.5198,2024-02-12 15:41:34.949,3.0
-1.0825,-0.0266,0.3916,-48.1796,14.8468,-20.8206,2024-02-12 15:41:34.973,3.0
-0.8706,-0.2588,0.1887,-53.1082,13.2751,-23.2925,2024-02-12 15:41:34.989,3.0
-0.9829,-0.4668,0.2085,-54.9011,43.4036,-46.7606,2024-02-12 15:41:34.998,3.0
-1.3391,-0.447,0.1809,-29.6707,50.2472,-71.579,2024-02-12 15:41:35.024,3.0
-1.3242,-0.7283,-0.0337,-9.6359,23.2849,-67.3676,2024-02-12 15:41:35.041,3.0
-1.1951,-0.6133,-0.2036,27.1378,-17.2729,-64.5294,2024-02-12 15:41:35.066,3.0
-0.9272,-0.3223,-0.3706,20.2026,-68.9087,-42.5873,2024-02-12 15:41:35.083,3.0
-0.5776,0.0046,-0.2629,-1.9684,-78.4531,-21.0342,2024-02-12 15:41:35.100,3.0
-0.3953,-0.0186,-0.1797,-15.1672,-33.4854,6.1874,2024-02-12 15:41:35.108,3.0
-0.5461,0.0012,-0.1533,-15.5945,49.881,9.5749,2024-02-12 15:41:35.125,3.0
-1.0554,0.1973,-0.1538,-18.1656,96.1151,7.8049,2024-02-12 15:41:35.150,3.0
-1.4548,0.042,-0.1931,-17.1967,84.3277,15.892,2024-02-12 15:41:35.166,3.0
-1.5022,-0.1592,-0.1704,-14.2593,23.9487,31.1279,2024-02-12 15:41:35.190,3.0
-1.282,-0.2368,0.0828,-11.1465,-57.7545,49.7818,2024-02-12 15:41:35.216,3.0
-0.9619,-0.2974,0.0891,4.5929,-90.8127,63.5986,2024-02-12 15:41:35.224,3.0
-0.6025,-0.2759,-0.0928,14.9307,-87.3947,69.3359,2024-02-12 15:41:35.260,3.0
-0.4543,-0.1721,0.0405,15.9149,-63.7054,65.3839,2024-02-12 15:41:35.268,3.0
-0.3018,-0.0591,0.0557,19.4626,-28.0228,53.7491,2024-02-12 15:41:35.276,3.0
-0.4021,-0.0217,0.1621,23.4528,3.2654,46.2875,2024-02-12 15:41:35.292,3.0
-0.5122,-0.009,0.1909,28.9078,17.3111,40.9088,2024-02-12 15:41:35.308,3.0
-0.5681,-0.0107,0.1672,33.8364,6.2408,31.2729,2024-02-12 15:41:35.324,3.0
-0.5405,0.0535,0.157,35.9192,-9.903,21.5302,2024-02-12 15:41:35.342,3.0
-0.4241,0.1133,0.1296,34.8511,-14.8773,12.3672,2024-02-12 15:41:35.376,3.0
-0.3396,0.1626,0.2119,33.4015,-3.7842,1.1597,2024-02-12 15:41:35.376,3.0
-0.363,0.1616,0.291,35.5988,12.413,-11.7188,2024-02-12 15:41:35.392,3.0
-0.4812,0.1416,0.2693,37.7045,24.0707,-22.1558,2024-02-12 15:41:35.417,3.0
-0.6914,0.0945,0.1257,39.9628,31.0898,-22.9492,2024-02-12 15:41:35.433,3.0
-0.8191,0.0732,-0.062,36.3464,16.4261,-13.7405,2024-02-12 15:41:35.458,3.0
-0.8015,0.042,-0.2031,22.3618,7.8735,-8.5297,2024-02-12 15:41:35.474,3.0
-0.9233,0.0422,0.0371,16.2735,42.3355,-7.8583,2024-02-12 15:41:35.482,3.0
-1.1179,0.095,0.2483,25.3067,69.6487,1.0834,2024-02-12 15:41:35.507,3.0
-1.1548,0.0894,0.2852,33.4091,72.4564,9.7427,2024-02-12 15:41:35.523,3.0
-1.1296,0.0908,0.2837,36.5067,56.9916,7.2174,2024-02-12 15:41:35.540,3.0
-1.123,0.2542,-0.0374,47.287,69.9615,10.5896,2024-02-12 15:41:35.583,3.0
-1.4382,0.2578,-0.2783,39.3295,122.2839,14.2136,2024-02-12 15:41:35.583,3.0
-1.748,0.4292,-0.5325,22.0871,127.8534,42.6407,2024-02-12 15:41:35.592,3.0
-1.5725,0.2878,-0.8489,-15.8539,47.02,73.0667,2024-02-12 15:41:35.609,3.0
-1.2959,0.1289,-0.562,-43.2053,-67.6117,60.936,2024-02-12 15:41:35.633,3.0
-0.8755,-0.1565,-0.2234,-36.6058,-130.4626,54.6341,2024-02-12 15:41:35.650,3.0
-0.2744,-0.2185,-0.1729,-23.7198,-140.6631,27.9083,2024-02-12 15:41:35.658,3.0
-0.2019,-0.1223,-0.0022,-11.6577,-49.6063,-2.8992,2024-02-12 15:41:35.683,3.0
-0.4146,-0.1746,0.1477,5.2261,43.2968,-31.2805,2024-02-12 15:41:35.708,3.0
-0.8347,-0.2034,-0.1023,21.5454,93.7729,-53.5736,2024-02-12 15:41:35.717,3.0
-1.4517,-0.1726,-0.4746,15.1291,110.7178,-50.3235,2024-02-12 15:41:35.740,3.0
-1.5046,-0.2112,-0.1294,5.2032,4.3259,-36.6745,2024-02-12 15:41:35.758,3.0
-1.2683,-0.1672,-0.0371,9.5367,-110.1685,-33.0811,2024-02-12 15:41:35.774,3.0
-0.8135,-0.0906,-0.1084,11.5967,-141.2354,-25.9399,2024-02-12 15:41:35.798,3.0
-0.4111,-0.0259,-0.1333,11.2534,-101.2878,-34.6527,2024-02-12 15:41:35.814,3.0
-0.2375,-0.0132,-0.1074,6.813,-47.8134,-50.3769,2024-02-12 15:41:35.832,3.0
-0.2874,-0.0549,-0.084,0.6027,-17.9291,-57.7774,2024-02-12 15:41:35.840,3.0
-0.4705,-0.1511,0.0095,-7.8201,7.4997,-56.5491,2024-02-12 15:41:35.866,3.0
-0.6289,-0.2075,0.0811,-7.1411,12.5732,-48.851,2024-02-12 15:41:35.882,3.0
-0.7124,-0.1982,0.0464,-6.7368,0.3815,-33.6456,2024-02-12 15:41:35.900,3.0
-0.6343,-0.1292,0.0261,-9.964,-19.2642,-18.9209,2024-02-12 15:41:35.917,3.0
-0.5305,-0.1025,0.1045,-15.4266,-23.4451,-8.2474,2024-02-12 15:41:35.942,3.0
-0.4497,-0.1013,0.2112,-17.7155,-10.6049,-0.5569,2024-02-12 15:41:35.950,3.0
-0.4951,-0.0544,0.2712,-17.4408,12.97,6.2561,2024-02-12 15:41:35.974,3.0
-0.6001,0.0071,0.2815,-17.5781,31.7383,13.916,2024-02-12 15:41:35.990,3.0
-0.7131,0.002,0.3167,-15.6326,36.7584,22.7356,2024-02-12 15:41:35.999,3.0
-0.8579,-0.1189,0.2524,-12.6266,29.5334,27.1149,2024-02-12 15:41:36.024,3.0
-0.9321,-0.2432,0.0781,-10.1395,15.2664,24.8032,2024-02-12 15:41:36.041,3.0
-0.8425,-0.196,-0.0061,-5.8136,11.2076,9.4757,2024-02-12 15:41:36.057,3.0
-0.8572,-0.1079,0.1177,-2.3422,21.8735,-11.5204,2024-02-12 15:41:36.074,3.0
-1.0146,-0.1375,0.208,-5.6763,32.4478,-34.111,2024-02-12 15:41:36.090,3.0
-1.0767,-0.0684,0.2483,-12.7411,31.6696,-30.3421,2024-02-12 15:41:36.107,3.0
-0.9314,-0.0671,0.1829,-19.5923,15.1443,-25.1312,2024-02-12 15:41:36.132,3.0
-0.8413,-0.3972,0.0342,-34.6527,41.1911,-48.4772,2024-02-12 15:41:36.149,3.0
-1.2009,-0.3623,0.0339,-27.504,65.2237,-82.6187,2024-02-12 15:41:36.165,3.0
-1.3838,-0.749,-0.1003,-14.3433,34.9808,-87.5778,2024-02-12 15:41:36.190,3.0
-1.4197,-0.3867,-0.094,38.2004,-33.9737,-71.3196,2024-02-12 15:41:36.198,3.0
-1.0352,-0.2971,-0.5176,28.2211,-89.0198,-47.6151,2024-02-12 15:41:36.223,3.0
-0.6909,-0.043,-0.436,-8.1482,-102.4628,-24.6887,2024-02-12 15:41:36.248,3.0
-0.4702,-0.062,-0.1414,-26.2909,-69.5801,-1.7242,2024-02-12 15:41:36.264,3.0
-0.5654,-0.0486,0.0007,-27.0081,8.5449,1.7776,2024-02-12 15:41:36.282,3.0
-0.9829,0.0828,0.0503,-27.6108,67.0853,-0.4959,2024-02-12 15:41:36.299,3.0
-1.3938,-0.0039,-0.0864,-17.0135,85.289,9.9716,2024-02-12 15:41:36.307,3.0
-1.5381,-0.1948,-0.2563,-9.201,40.6342,30.7922,2024-02-12 15:41:36.331,3.0
-1.3042,-0.1892,-0.0857,-12.3596,-35.0723,46.6995,2024-02-12 15:41:36.347,3.0
-0.9736,-0.2795,-0.0579,1.4954,-64.9567,56.9305,2024-02-12 15:41:36.363,3.0
-0.7014,-0.3179,-0.0859,11.3678,-55.7098,62.767,2024-02-12 15:41:36.382,3.0
-0.5298,-0.2617,-0.0352,17.8223,-19.3787,60.524,2024-02-12 15:41:36.399,3.0
-0.5071,-0.1609,0.0046,27.3209,13.3133,54.512,2024-02-12 15:41:36.423,3.0
-0.604,-0.0466,0.0244,33.6685,19.783,55.069,2024-02-12 15:41:36.439,3.0
-0.5518,0.0044,-0.0352,38.4598,14.3127,48.5916,2024-02-12 15:41:36.464,3.0
-0.5142,0.0247,-0.0315,40.7333,2.9907,38.0707,2024-02-12 15:41:36.474,3.0
-0.4595,0.0459,-0.0466,38.2156,-0.5875,28.0609,2024-02-12 15:41:36.490,3.0
-0.3569,0.0669,0.0535,34.0576,13.9999,13.0157,2024-02-12 15:41:36.515,3.0
-0.3589,0.0825,0.1165,36.0184,36.3235,-2.4872,2024-02-12 15:41:36.531,3.0
-0.4463,0.0715,0.0852,37.9715,48.5077,-10.2539,2024-02-12 15:41:36.548,3.0
-0.5261,0.1084,0.1042,35.4462,48.0957,-14.1068,2024-02-12 15:41:36.572,3.0
-0.6372,0.1494,0.0852,31.7612,36.1786,-16.2964,2024-02-12 15:41:36.574,3.0
-0.8047,0.1357,-0.0332,23.4528,6.4163,-16.8228,2024-02-12 15:41:36.598,3.0
-0.7986,0.0654,-0.1714,7.7133,-28.1754,-9.3384,2024-02-12 15:41:36.623,3.0
-0.7185,-0.0835,-0.054,-4.1809,-27.7481,-9.8495,2024-02-12 15:41:36.639,3.0
-0.7927,-0.2354,0.1223,-3.7689,14.5645,-18.5928,2024-02-12 15:41:36.655,3.0
-1.1067,-0.2327,0.3335,14.4577,55.2826,-12.764,2024-02-12 15:41:36.674,3.0
-1.1492,-0.1213,0.3042,35.1181,46.2799,-1.8005,2024-02-12 15:41:36.690,3.0
-1.0645,0.0974,0.1328,45.3415,15.1749,0.5264,2024-02-12 15:41:36.707,3.0
-1.1909,0.2014,-0.1809,39.856,42.1448,1.9989,2024-02-12 15:41:36.723,3.0
-1.512,0.3826,-0.2607,23.9487,66.6809,18.0206,2024-02-12 15:41:36.740,3.0
-1.4153,0.5308,-0.8506,-5.4855,38.6353,41.6641,2024-02-12 15:41:36.765,3.0
-1.2725,0.4202,-0.8032,-52.9861,-10.5362,45.2194,2024-02-12 15:41:36.773,3.0
-1.082,0.0891,-0.4097,-64.7964,-47.6913,50.9033,2024-02-12 15:41:36.806,3.0
-0.7195,-0.1328,0.0024,-52.2079,-71.1517,41.5573,2024-02-12 15:41:36.815,3.0
-0.5371,-0.2073,-0.0027,-33.7982,-59.8984,13.3438,2024-02-12 15:41:36.839,3.0
-0.5381,-0.209,-0.0916,-21.9269,-20.05,-9.3231,2024-02-12 15:41:36.852,3.0
-0.7566,-0.2756,-0.1299,-17.7841,10.3073,-36.1481,2024-02-12 15:41:36.868,3.0
-1.1448,-0.2832,-0.2217,-6.6376,33.2108,-37.9105,2024-02-12 15:41:36.893,3.0
-1.2905,-0.1899,-0.2507,-6.6452,29.5563,-22.6669,2024-02-12 15:41:36.901,3.0
-1.1643,-0.1506,-0.1199,-10.5743,-51.1551,-18.5776,2024-02-12 15:41:36.934,3.0
-0.8511,-0.1284,-0.188,-11.795,-97.1985,-19.5389,2024-02-12 15:41:36.942,3.0
-0.6162,-0.0911,-0.1477,-16.0599,-95.4971,-20.3781,2024-02-12 15:41:36.966,3.0
-0.353,-0.0227,-0.075,-18.5699,-52.7496,-30.7541,2024-02-12 15:41:36.983,3.0
-0.3108,-0.0212,-0.0442,-23.6435,-17.2729,-42.1066,2024-02-12 15:41:37.000,3.0
-0.3962,-0.083,-0.0356,-28.3051,14.1754,-48.8586,2024-02-12 15:41:37.016,3.0
-0.6382,-0.1333,-0.0225,-33.8593,34.0881,-45.1736,2024-02-12 15:41:37.033,3.0
-0.7187,-0.1365,-0.0386,-39.1541,28.7476,-36.5829,2024-02-12 15:41:37.049,3.0
-0.7278,-0.1301,-0.0063,-42.8848,6.6986,-27.0462,2024-02-12 15:41:37.073,3.0
-0.6787,-0.0984,0.0247,-44.1132,-7.9422,-16.1591,2024-02-12 15:41:37.090,3.0
-0.6189,-0.0662,0.043,-47.6303,-6.6071,-5.4932,2024-02-12 15:41:37.107,3.0
-0.5896,-0.0562,0.1035,-52.8259,3.6316,5.1346,2024-02-12 15:41:37.131,3.0
-0.6335,-0.0681,0.1724,-55.397,11.3449,10.1242,2024-02-12 15:41:37.147,3.0
-0.7187,-0.0503,0.22,-54.4739,12.1002,13.6795,2024-02-12 15:41:37.164,3.0
-0.7637,-0.114,0.1865,-53.299,3.2883,13.0463,2024-02-12 15:41:37.181,3.0
-0.8105,-0.1392,0.1523,-55.8014,-4.0054,6.7291,2024-02-12 15:41:37.199,3.0
-0.8018,-0.092,0.123,-55.542,-6.5918,0.3662,2024-02-12 15:41:37.223,3.0
-0.7319,-0.0713,0.0002,-56.4117,3.4103,-16.1514,2024-02-12 15:41:37.248,3.0
-0.7827,-0.0842,-0.0059,-64.743,16.9907,-35.2249,2024-02-12 15:41:37.248,3.0
-0.8862,-0.1079,0.1331,-68.7103,19.989,-43.808,2024-02-12 15:41:37.264,3.0
-0.9846,-0.0845,0.1943,-72.876,8.1711,-39.9017,2024-02-12 15:41:37.281,3.0
-0.8804,-0.3066,0.0076,-75.2945,13.5956,-32.1045,2024-02-12 15:41:37.302,3.0
-0.9814,-0.3796,-0.0908,-65.2161,70.1141,-65.4907,2024-02-12 15:41:37.319,3.0
-1.3784,-0.6528,-0.1172,-45.5627,70.8847,-90.271,2024-02-12 15:41:37.335,3.0
-1.7092,-0.6189,-0.0835,-15.4953,16.5176,-66.8411,2024-02-12 15:41:37.360,3.0
-1.3657,-0.3276,-0.2957,-11.0092,-72.2656,-44.1742,2024-02-12 15:41:37.376,3.0
-0.9133,-0.3101,-0.3606,-24.8108,-101.7151,-27.771,2024-02-12 15:41:37.392,3.0
-0.6724,-0.1938,-0.3098,-36.2625,-85.1517,-13.7634,2024-02-12 15:41:37.424,3.0
-0.6196,0.1138,-0.2476,-41.4963,-41.3742,5.2414,2024-02-12 15:41:37.433,3.0
-0.6807,0.2434,-0.2258,-49.2096,0.3052,15.4266,2024-02-12 15:41:37.458,3.0
-0.7888,0.2278,-0.2437,-61.409,33.0582,13.0615,2024-02-12 15:41:37.466,3.0
-0.9922,0.0945,-0.1467,-70.4498,50.4837,11.1008,2024-02-12 15:41:37.482,3.0
-1.1108,-0.095,-0.0525,-72.9294,18.6234,23.3841,2024-02-12 15:41:37.498,3.0
-1.0256,-0.1812,-0.0505,-72.2809,-20.0043,29.2435,2024-02-12 15:41:37.523,3.0
-0.8765,-0.1138,-0.0464,-69.5801,-34.3018,27.1606,2024-02-12 15:41:37.548,3.0
-0.7727,-0.0647,-0.0725,-68.9163,-28.7628,24.0707,2024-02-12 15:41:37.556,3.0
-0.7383,-0.0457,-0.0337,-68.0542,-21.904,22.2168,2024-02-12 15:41:37.572,3.0
-0.741,-0.0039,0.0076,-66.4673,-15.892,21.8506,2024-02-12 15:41:37.598,3.0
-0.7024,0.0242,-0.0005,-67.3828,-12.1002,21.0419,2024-02-12 15:41:37.606,3.0
-0.675,0.0225,0.0344,-69.5724,-16.4032,20.2332,2024-02-12 15:41:37.631,3.0
-0.6038,0.0586,0.051,-71.0754,-20.8359,16.2048,2024-02-12 15:41:37.657,3.0
-0.5229,0.1201,0.0403,-73.7381,-13.4888,9.3002,2024-02-12 15:41:37.665,3.0
-0.4314,0.1875,0.0444,-78.0869,4.7989,0.8621,2024-02-12 15:41:37.682,3.0
-0.4282,0.1541,0.0618,-82.8094,22.9568,-9.5825,2024-02-12 15:41:37.699,3.0
-0.5283,0.1094,0.0779,-83.6411,36.1023,-19.1422,2024-02-12 15:41:37.715,3.0
-0.6907,0.0933,0.041,-85.2127,34.79,-25.5661,2024-02-12 15:41:37.739,3.0
-0.8618,0.0706,-0.0181,-95.6573,0.8011,-30.0903,2024-02-12 15:41:37.747,3.0
-0.9377,-0.0352,0.0522,-106.9183,-53.5812,-34.9731,2024-02-12 15:41:37.771,3.0
-0.9192,-0.1895,0.1572,-105.3848,-87.4939,-35.0266,2024-02-12 15:41:37.787,3.0
-0.8655,-0.2383,0.2793,-96.8246,-80.2612,-29.2206,2024-02-12 15:41:37.803,3.0
-0.7673,-0.1624,0.4834,-86.5173,-54.5654,-18.4097,2024-02-12 15:41:37.827,3.0
-0.5872,-0.1279,0.4707,-70.6024,-33.4015,-15.0986,2024-02-12 15:41:37.843,3.0
-0.5452,-0.0012,0.3364,-53.2684,-3.4561,-13.71,2024-02-12 15:41:37.867,3.0
-0.6941,0.1562,0.3223,-36.2778,33.8669,-7.0801,2024-02-12 15:41:37.883,3.0
-0.865,0.2551,0.0479,-24.7269,56.3126,-6.8054,2024-02-12 15:41:37.891,3.0
-1.2375,0.2434,-0.8765,-26.3214,98.1903,4.7302,2024-02-12 15:41:37.908,3.0
-1.542,0.3716,-0.8716,-54.1687,126.3809,25.3525,2024-02-12 15:41:37.932,3.0
-1.5439,0.3213,-0.061,-71.8002,49.6826,40.4739,2024-02-12 15:41:37.949,3.0
-0.9724,-0.1038,-0.4062,-64.7888,-62.3627,21.5454,2024-02-12 15:41:37.990,3.0
-0.6602,-0.0215,-0.6294,-62.3093,-77.3087,-5.3482,2024-02-12 15:41:37.990,3.0
-0.6938,-0.0073,-0.2515,-60.6308,-6.8741,-16.6626,2024-02-12 15:41:37.999,3.0
-0.9668,0.0105,-0.1089,-49.5758,86.0519,-33.1497,2024-02-12 15:41:38.023,3.0
-1.3699,0.1726,-0.4766,-57.0679,126.4877,-40.5731,2024-02-12 15:41:38.048,3.0
-1.5757,0.23,-0.5752,-89.5615,72.1207,-36.85,2024-02-12 15:41:38.064,3.0
-1.4299,-0.0146,-0.3164,-109.0622,-43.335,-54.657,2024-02-12 15:41:38.073,3.0
-1.167,-0.1755,-0.1375,-105.9494,-103.5843,-52.6505,2024-02-12 15:41:38.089,3.0
-0.7114,-0.1873,-0.1274,-108.5129,-84.4269,-51.1246,2024-02-12 15:41:38.106,3.0
-0.4846,-0.1904,-0.218,-114.0137,-53.9169,-56.6483,2024-02-12 15:41:38.131,3.0
-0.437,-0.1575,-0.2507,-123.1079,-37.2009,-54.1229,2024-02-12 15:41:38.148,3.0
-0.4351,-0.1262,-0.2043,-133.3084,-18.0435,-45.2576,2024-02-12 15:41:38.165,3.0
-0.4375,-0.1628,-0.1636,-137.3825,-3.7308,-39.1617,2024-02-12 15:41:38.173,3.0
-0.4336,-0.1895,-0.1111,-137.1613,-3.6621,-35.3699,2024-02-12 15:41:38.197,3.0
-0.4109,-0.2456,-0.0937,-133.5754,-12.0392,-30.571,2024-02-12 15:41:38.218,3.0
-0.3875,-0.2659,-0.0796,-128.2425,-12.825,-23.9105,2024-02-12 15:41:38.243,3.0
-0.3518,-0.3091,-0.0417,-124.4125,-1.7014,-20.0424,2024-02-12 15:41:38.251,3.0
-0.3657,-0.4126,0.0215,-121.6049,18.1427,-20.7062,2024-02-12 15:41:38.275,3.0
-0.4824,-0.478,0.1973,-111.7554,33.1726,-20.668,2024-02-12 15:41:38.291,3.0
-0.6404,-0.4038,0.2402,-95.0241,37.674,-19.3024,2024-02-12 15:41:38.299,3.0
-0.7871,-0.3535,0.1475,-84.8312,35.202,-17.5629,2024-02-12 15:41:38.324,3.0
-0.9204,-0.3704,0.2029,-75.3479,24.2386,-13.6642,2024-02-12 15:41:38.332,3.0
-0.9495,-0.4756,0.3342,-53.0319,-1.4725,-10.2081,2024-02-12 15:41:38.356,3.0
-1.0232,-0.406,0.2732,-33.5999,-1.4496,-8.522,2024-02-12 15:41:38.382,3.0
-1.0696,-0.2476,0.2153,-28.9078,-1.9836,-2.4185,2024-02-12 15:41:38.398,3.0
-1.1128,-0.1033,0.2664,-29.953,-7.4539,-2.2964,2024-02-12 15:41:38.423,3.0
-1.0767,-0.1838,0.0549,-29.1901,-0.7706,-8.0643,2024-02-12 15:41:38.432,3.0
-1.0374,-0.3865,-0.2214,-29.4342,23.5062,-31.1279,2024-02-12 15:41:38.457,3.0
-1.2065,-0.5024,-0.0544,-11.7569,34.111,-71.0754,2024-02-12 15:41:38.473,3.0
-1.562,-0.4773,0.2385,15.3351,-18.219,-68.1839,2024-02-12 15:41:38.490,3.0
-1.5251,-0.2017,-0.061,22.9568,-96.3745,4.6463,2024-02-12 15:41:38.498,3.0
-0.4761,-0.2568,-0.6848,4.8676,-142.807,47.2031,2024-02-12 15:41:38.522,3.0
-0.126,-0.189,-0.5952,-23.4604,-80.7648,18.9667,2024-02-12 15:41:38.538,3.0
-0.6111,0.1519,-0.1216,-24.2157,7.0572,-0.8621,2024-02-12 15:41:38.562,3.0
-1.0833,0.1543,-0.1479,-6.3705,52.9099,11.2076,2024-02-12 15:41:38.570,3.0
-1.3057,-0.0261,-0.3235,4.8752,55.5878,14.3204,2024-02-12 15:41:38.586,3.0
-1.48,-0.1113,-0.2041,12.8403,-13.5574,31.044,2024-02-12 15:41:38.618,3.0
-1.2393,-0.1672,-0.1277,26.2756,-80.246,53.566,2024-02-12 15:41:38.626,3.0
-0.8306,-0.1531,-0.1619,35.4843,-103.4317,57.4951,2024-02-12 15:41:38.646,3.0
-0.5652,-0.1807,-0.1768,38.9099,-73.0972,47.2183,2024-02-12 15:41:38.670,3.0
-0.4634,-0.2,-0.1194,46.2646,-33.432,36.499,2024-02-12 15:41:38.678,3.0
-0.5286,-0.1377,-0.1001,55.1682,-0.9613,32.5699,2024-02-12 15:41:38.702,3.0
-0.5935,-0.0667,-0.0847,56.3736,8.3237,33.8058,2024-02-12 15:41:38.719,3.0
-0.6433,0.0154,-0.0278,57.9529,5.2185,30.6702,2024-02-12 15:41:38.735,3.0
-0.6917,0.0569,-0.0115,58.9828,-2.1362,26.4282,2024-02-12 15:41:38.751,3.0
-0.6758,0.0977,-0.0422,58.4793,-2.182,24.1699,2024-02-12 15:41:38.767,3.0
-0.6125,0.1182,-0.0562,55.7175,2.1133,22.6974,2024-02-12 15:41:38.791,3.0
-0.5461,0.125,-0.0459,49.1867,6.3782,17.7002,2024-02-12 15:41:38.808,3.0
-0.5454,0.1311,-0.0063,44.1971,18.1885,10.2921,2024-02-12 15:41:38.824,3.0
-0.5884,0.1277,-0.0068,42.1906,30.2429,1.5488,2024-02-12 15:41:38.849,3.0
-0.615,0.1052,0.1067,36.6516,26.4053,-2.7313,2024-02-12 15:41:38.865,3.0
-0.6758,0.0923,0.1414,33.4473,22.4915,-6.2485,2024-02-12 15:41:38.881,3.0
-0.7522,0.145,0.106,28.3127,23.0942,-7.164,2024-02-12 15:41:38.905,3.0
-0.8066,0.1558,0.064,16.4871,13.9923,-9.4223,2024-02-12 15:41:38.905,3.0
-0.8757,0.1418,0.1514,3.6697,-6.3324,-6.9351,2024-02-12 15:41:38.929,3.0
-0.8772,0.1216,0.1465,-2.7618,-15.7623,-3.0899,2024-02-12 15:41:38.937,3.0
-0.8916,0.0208,0.0356,-13.6414,-6.1035,-3.6697,2024-02-12 15:41:38.961,3.0
-0.9507,0.0378,0.1602,-22.8271,7.4081,-4.4327,2024-02-12 15:41:38.977,3.0
-1.0198,0.1118,0.1648,-24.7955,12.7945,3.2501,2024-02-12 15:41:38.993,3.0
-0.9707,0.1323,0.0896,-27.5726,15.5869,8.728,2024-02-12 15:41:39.018,3.0
-0.929,0.1248,0.0398,-30.8762,14.6332,7.225,2024-02-12 15:41:39.034,3.0
-1.05,0.0254,0.0483,-26.2756,31.5399,8.6746,2024-02-12 15:41:39.051,3.0
-1.3147,-0.0808,0.1599,-17.9977,49.0799,15.3351,2024-02-12 15:41:39.075,3.0
-1.3428,0.1145,-0.1333,-7.0953,20.195,39.6805,2024-02-12 15:41:39.091,3.0
-1.1558,0.2617,-0.6023,-18.4021,-9.2545,51.3687,2024-02-12 15:41:39.107,3.0
-0.8201,0.0217,-0.3926,-33.432,-53.7033,41.626,2024-02-12 15:41:39.132,3.0
-0.6221,-0.2153,-0.0996,-30.7083,-74.4171,26.3748,2024-02-12 15:41:39.148,3.0
-0.6108,-0.3208,0.0908,-8.4305,-32.2495,6.5079,2024-02-12 15:41:39.157,3.0
-0.7668,-0.2285,0.0476,20.0043,47.1725,-15.5106,2024-02-12 15:41:39.176,3.0
-1.0149,-0.0149,-0.073,20.1187,47.2946,-31.5247,2024-02-12 15:41:39.192,3.0
-1.219,0.0483,-0.2456,5.4016,8.3237,-36.1481,2024-02-12 15:41:39.209,3.0
-1.1016,-0.0593,-0.1755,-12.3444,-48.1796,-39.6652,2024-02-12 15:41:39.225,3.0
-0.8965,-0.0759,-0.0034,-11.055,-85.8154,-41.275,2024-02-12 15:41:39.292,3.0
-0.573,0.0225,-0.0786,-17.5476,-82.0694,-44.8914,2024-02-12 15:41:39.300,3.0
-0.3232,0.0417,-0.1802,-29.0833,-58.5556,-52.1393,2024-02-12 15:41:39.300,3.0
-0.2717,0.0249,-0.1511,-42.7856,-34.3704,-58.5632,2024-02-12 15:41:39.309,3.0
-0.3657,0.0054,-0.0371,-52.948,-10.4752,-57.579,2024-02-12 15:41:39.320,3.0
-0.5454,-0.0132,-0.0293,-62.7289,14.3814,-49.6445,2024-02-12 15:41:39.344,3.0
-0.6807,-0.0347,-0.0159,-72.3114,29.7241,-41.6641,2024-02-12 15:41:39.360,3.0
-0.7979,-0.0876,0.0251,-78.3157,23.7961,-31.6238,2024-02-12 15:41:39.368,3.0
-0.8181,-0.1843,0.0901,-74.585,-0.4196,-9.4528,2024-02-12 15:41:39.385,3.0
-0.7524,-0.25,0.1401,-67.4744,-10.3149,10.9482,2024-02-12 15:41:39.410,3.0
-0.6836,-0.2815,0.2319,-59.4406,-3.0289,23.7198,2024-02-12 15:41:39.435,3.0
-0.7229,-0.2734,0.3552,-49.5911,1.7929,29.1061,2024-02-12 15:41:39.443,3.0
-0.7974,-0.2625,0.4072,-35.9726,-4.364,34.317,2024-02-12 15:41:39.467,3.0
-0.8147,-0.2659,0.3042,-26.68,-12.1307,36.7661,2024-02-12 15:41:39.475,3.0
-0.824,-0.2703,0.2256,-14.6637,-13.9542,27.1606,2024-02-12 15:41:39.500,3.0
-0.8066,-0.2227,-0.0081,-7.3013,-11.8561,17.3264,2024-02-12 15:41:39.508,3.0
-0.7839,-0.0864,-0.0784,4.7913,5.4626,0.9918,2024-02-12 15:41:39.533,3.0
-0.8835,-0.0955,0.0835,7.2784,23.9792,-23.9105,2024-02-12 15:41:39.550,3.0
-1.1177,-0.0862,0.3711,-2.8992,23.0179,-32.4936,2024-02-12 15:41:39.579,3.0
-1.177,0.0662,0.3948,-13.8474,17.2501,-24.9863,2024-02-12 15:41:39.584,3.0
-0.9937,0.134,0.0857,-28.1754,-6.1646,-10.5362,2024-02-12 15:41:39.601,3.0
-0.8167,0.0181,0.0571,-56.7169,-11.2152,-22.1863,2024-02-12 15:41:39.624,3.0
-0.968,-0.1194,0.3147,-57.0297,9.3307,-49.0799,2024-02-12 15:41:39.650,3.0
-1.1682,-0.4417,0.2468,-40.6952,21.6599,-49.9878,2024-02-12 15:41:39.659,3.0
-1.1055,-0.543,0.009,-13.1378,20.9885,-50.1633,2024-02-12 15:41:39.684,3.0
-1.115,-0.627,-0.2966,-11.3525,-9.9487,-47.9736,2024-02-12 15:41:39.691,3.0
-1.0603,-0.5537,-0.3003,-11.5204,-43.1976,-33.8516,2024-02-12 15:41:39.709,3.0
-0.7703,-0.2271,-0.3506,-17.0135,-67.2684,-10.1395,2024-02-12 15:41:39.725,3.0
-0.7178,0.0181,-0.2441,-21.8201,-48.5458,9.5062,2024-02-12 15:41:39.749,3.0
-0.657,0.1626,-0.1665,-19.4092,-7.3242,17.189,2024-02-12 15:41:39.765,3.0
-0.8643,0.1204,-0.1396,-12.2833,44.2581,22.9187,2024-02-12 15:41:39.790,3.0
-1.0354,-0.0032,-0.1143,-10.1852,63.3926,26.2299,2024-02-12 15:41:39.807,3.0
-1.1277,-0.1604,-0.0198,-5.5313,38.2996,30.4108,2024-02-12 15:41:39.832,3.0
-1.1052,-0.23,0.0054,5.6686,-6.6299,37.2391,2024-02-12 15:41:39.832,3.0
-0.9775,-0.2522,-0.0269,16.9983,-29.8462,43.8309,2024-02-12 15:41:39.857,3.0
-0.8286,-0.24,-0.0542,26.7029,-22.3541,49.942,2024-02-12 15:41:39.873,3.0
-0.7048,-0.1733,0.0173,34.5993,-16.1972,52.8488,2024-02-12 15:41:39.898,3.0
-0.6392,-0.1072,0.0398,39.3677,-16.0599,50.0946,2024-02-12 15:41:39.938,3.0
-0.6138,-0.0532,0.093,43.1824,-16.6779,45.2499,2024-02-12 15:41:39.938,3.0
-0.5359,-0.0122,0.0818,46.8216,-12.8326,38.3224,2024-02-12 15:41:39.946,3.0
-0.542,-0.0017,0.1003,49.4385,0.5264,31.7383,2024-02-12 15:41:39.963,3.0
-0.4587,0.0479,0.0527,50.4532,15.2512,21.7743,2024-02-12 15:41:39.980,3.0
-0.5322,0.1221,0.1155,49.5682,32.3105,10.2768,2024-02-12 15:41:40.013,3.0
-0.5608,0.1746,0.0911,48.233,38.1775,3.1509,2024-02-12 15:41:40.013,3.0
-0.6169,0.2292,0.1462,42.3203,31.2195,-3.9215,2024-02-12 15:41:40.037,3.0
-0.7129,0.2085,0.2354,37.178,20.195,-11.9553,2024-02-12 15:41:40.054,3.0
-0.9041,0.1331,0.3262,33.5617,7.1564,-13.6642,2024-02-12 15:41:40.092,3.0
-1.0039,0.0674,0.3411,31.517,-17.4408,-7.2403,2024-02-12 15:41:40.092,3.0
-0.8335,0.0308,0.1182,23.4756,-49.1104,3.5324,2024-02-12 15:41:40.105,3.0
-0.6377,0.1372,-0.1047,10.3149,-54.863,4.9286,2024-02-12 15:41:40.138,3.0
-0.7107,0.3574,-0.0603,3.3112,14.4577,11.7493,2024-02-12 15:41:40.147,3.0
-0.7742,0.323,0.1401,1.5259,72.1817,16.4413,2024-02-12 15:41:40.155,3.0
-0.929,0.2258,0.1089,8.4229,81.2607,18.3563,2024-02-12 15:41:40.187,3.0
-1.0156,0.0422,-0.1177,3.7079,73.0209,15.48,2024-02-12 15:41:40.197,3.0
-1.3413,-0.0933,0.082,4.6158,88.1729,14.9689,2024-02-12 15:41:40.213,3.0
-1.5811,0.05,0.0649,22.3999,92.2623,35.5606,2024-02-12 15:41:40.263,3.0
-1.4883,0.217,-0.2537,20.7672,48.4009,49.0494,2024-02-12 15:41:40.271,3.0
-1.2708,0.0955,-0.4229,2.0752,-30.5481,45.9976,2024-02-12 15:41:40.271,3.0
-1.0586,0.0193,-0.218,4.1504,-97.702,43.3807,2024-02-12 15:41:40.279,3.0
-0.6228,-0.2288,-0.248,9.5139,-110.0159,33.3176,2024-02-12 15:41:40.314,3.0
-0.4709,-0.4246,-0.2405,10.2768,-54.7943,16.861,2024-02-12 15:41:40.330,3.0
-0.5728,-0.3606,0.019,20.7062,-4.6234,6.1951,2024-02-12 15:41:40.341,3.0
-0.8057,-0.3298,0.0139,28.3737,54.2755,-6.2103,2024-02-12 15:41:40.358,3.0
-1.0239,-0.2046,-0.0452,26.6953,67.7567,-23.2544,2024-02-12 15:41:40.366,3.0
-1.1265,-0.1038,-0.0649,19.31,5.5923,-35.7208,2024-02-12 15:41:40.405,3.0
-1.0422,-0.0337,-0.033,7.8506,-63.5147,-32.4402,2024-02-12 15:41:40.413,3.0
-0.7637,-0.0557,-0.0378,6.279,-75.1953,-27.5269,2024-02-12 15:41:40.430,3.0
-0.4749,-0.0452,-0.0376,4.9591,-43.6554,-36.0336,2024-02-12 15:41:40.447,3.0
-0.4319,-0.0454,0.0317,2.3499,-9.6283,-47.4243,2024-02-12 15:41:40.464,3.0
-0.5688,-0.0991,0.0894,-1.1063,15.7776,-51.5366,2024-02-12 15:41:40.496,3.0
-0.689,-0.1934,0.0549,-3.6774,19.7067,-49.8199,2024-02-12 15:41:40.497,3.0
-0.7285,-0.156,0.0361,-5.3787,5.3253,-43.2358,2024-02-12 15:41:40.521,3.0
-0.7366,-0.1375,0.0752,-7.7057,-11.5738,-35.8963,2024-02-12 15:41:40.537,3.0
-0.708,-0.0981,0.1333,-10.4599,-15.9073,-25.8408,2024-02-12 15:41:40.553,3.0
-0.6531,-0.0869,0.1582,-11.7111,-10.498,-16.5405,2024-02-12 15:41:40.569,3.0
-0.6372,-0.1301,0.1741,-12.2147,0.1221,-7.8201,2024-02-12 15:41:40.585,3.0
-0.6763,-0.155,0.209,-11.5585,10.8032,-2.4109,2024-02-12 15:41:40.601,3.0
-0.7261,-0.1558,0.2493,-8.3313,15.48,4.0741,2024-02-12 15:41:40.617,3.0
-0.7866,-0.1467,0.302,-5.1498,13.9084,11.5738,2024-02-12 15:41:40.641,3.0
-0.8064,-0.1399,0.3733,0.9308,6.752,18.364,2024-02-12 15:41:40.658,3.0
-0.8059,-0.1858,0.436,8.4152,-0.824,21.1563,2024-02-12 15:41:40.675,3.0
-0.8555,-0.2144,0.363,16.8533,-7.7896,19.4473,2024-02-12 15:41:40.692,3.0
-0.8804,-0.176,0.2539,23.8342,-15.5869,14.183,2024-02-12 15:41:40.717,3.0
-0.8806,-0.0876,0.1177,23.7579,-13.8321,3.0212,2024-02-12 15:41:40.759,3.0
-0.8604,0.0,0.0894,20.195,-1.2665,-9.8419,2024-02-12 15:41:40.759,3.0
-0.908,0.019,0.1304,13.1454,16.4261,-19.9432,2024-02-12 15:41:40.767,3.0
-0.9365,0.0498,0.1831,-0.4044,23.7045,-18.1351,2024-02-12 15:41:40.783,3.0
-0.853,-0.0447,0.1729,-16.9067,19.249,-15.8539,2024-02-12 15:41:40.816,3.0
-0.8542,-0.3079,0.229,-34.7595,47.4014,-35.8124,2024-02-12 15:41:40.816,3.0
-1.1602,-0.3352,0.3357,-16.0446,85.2203,-54.4128,2024-02-12 15:41:40.832,3.0
-1.3191,-0.7957,0.0659,6.5308,56.0379,-49.9878,2024-02-12 15:41:40.848,3.0
-1.3025,-0.7305,-0.1462,33.1955,20.2255,-58.8226,2024-02-12 15:41:40.872,3.0
-1.2551,-0.7522,-0.2788,55.2979,-23.8037,-53.9398,2024-02-12 15:41:40.897,3.0
-1.0801,-0.5356,-0.4214,68.4967,-65.2924,-35.1715,2024-02-12 15:41:40.905,3.0
-0.8059,-0.1138,-0.2666,52.002,-101.9211,-10.2158,2024-02-12 15:41:40.921,3.0
-0.6025,-0.1604,0.1743,56.9687,-79.2542,21.3699,2024-02-12 15:41:40.942,3.0
-0.5847,-0.2322,0.0625,85.0983,3.4485,34.0195,2024-02-12 15:41:40.966,3.0
-0.8164,-0.196,-0.2063,91.301,76.7212,10.8643,2024-02-12 15:41:40.985,3.0
-1.24,-0.2703,-0.1851,96.6568,70.3659,6.0043,2024-02-12 15:41:41.001,3.0
-1.3611,-0.3516,-0.1272,106.2927,8.461,29.1443,2024-02-12 15:41:41.009,3.0
-1.0325,-0.2993,-0.0471,117.3477,-39.3219,44.3954,2024-02-12 15:41:41.033,3.0
-0.7366,-0.2937,-0.0129,131.9199,-42.7322,46.2341,2024-02-12 15:41:41.050,3.0
-0.5171,-0.2317,-0.0566,143.0664,-10.7803,50.1633,2024-02-12 15:41:41.075,3.0
-0.4241,-0.1843,-0.0933,151.4969,27.153,45.6848,2024-02-12 15:41:41.100,3.0
-0.5044,-0.1968,-0.0959,155.2887,52.536,39.2532,2024-02-12 15:41:41.100,3.0
-0.6069,-0.1624,-0.0369,157.6462,60.4324,34.5612,2024-02-12 15:41:41.117,3.0
-0.6079,-0.0801,-0.0129,158.7677,48.0576,30.5634,2024-02-12 15:41:41.142,3.0
-0.5486,-0.0225,-0.0786,157.4631,44.3039,25.8408,2024-02-12 15:41:41.158,3.0
-0.5632,0.0798,-0.0388,152.153,56.0837,21.9269,2024-02-12 15:41:41.166,3.0
-0.6196,0.2458,0.0151,143.6844,70.7016,19.249,2024-02-12 15:41:41.191,3.0
-0.8206,0.366,0.0903,130.7526,66.124,13.916,2024-02-12 15:41:41.216,3.0
-0.9858,0.3408,0.071,120.0027,36.3846,12.3215,2024-02-12 15:41:41.234,3.0
-0.979,0.3699,0.0105,106.7276,-17.189,12.8784,2024-02-12 15:41:41.242,3.0
-0.8188,0.3777,-0.2292,82.1991,-74.1119,8.3923,2024-02-12 15:41:41.267,3.0
-0.5569,0.2717,-0.592,39.0015,-89.3936,-2.8839,2024-02-12 15:41:41.283,3.0
-0.4165,0.2668,-0.3181,13.0157,-47.142,-9.8953,2024-02-12 15:41:41.300,3.0
-0.5566,0.0667,0.2915,2.9755,37.0102,-19.0048,2024-02-12 15:41:41.318,3.0
-0.8789,0.054,0.1704,16.4719,71.3882,-18.486,2024-02-12 15:41:41.343,3.0
-1.0374,0.1243,-0.3767,3.7613,45.8755,-3.8452,2024-02-12 15:41:41.354,3.0
-1.1548,0.0327,-0.2866,-28.9383,13.176,9.1858,2024-02-12 15:41:41.378,3.0
-1.2139,-0.02,0.0276,-36.0565,6.2485,33.7448,2024-02-12 15:41:41.394,3.0
-1.0466,0.1968,-0.0698,-32.7759,2.5864,40.1306,2024-02-12 15:41:41.418,3.0
-1.1052,0.6196,-0.1768,-36.6669,10.7803,41.1835,2024-02-12 15:41:41.434,3.0
-1.1252,0.7559,-0.3289,-51.239,23.8724,37.5519,2024-02-12 15:41:41.450,3.0
-0.7297,-0.0442,-0.3247,-72.3419,-30.7999,12.4435,2024-02-12 15:41:41.466,3.0
-0.7903,-0.4756,-0.083,-55.0003,-71.6629,-5.5008,2024-02-12 15:41:41.482,3.0
-0.9265,-0.7769,-0.0344,-33.3862,-24.6506,-12.7182,2024-02-12 15:41:41.507,3.0
-1.1421,-0.7974,-0.0022,-18.7759,36.0336,-8.1024,2024-02-12 15:41:41.515,3.0
-1.1099,-0.1802,0.0518,3.6087,13.3438,13.2675,2024-02-12 15:41:41.539,3.0
-0.8328,0.0371,-0.1228,-23.1247,-79.1626,3.5782,2024-02-12 15:41:41.555,3.0
-0.8486,0.0881,0.0583,-39.7339,-100.5096,-9.964,2024-02-12 15:41:41.571,3.0
-0.6143,0.0002,0.0557,-50.705,-61.9736,-22.1939,2024-02-12 15:41:41.587,3.0
-0.4512,-0.0146,-0.0391,-55.0156,-14.0305,-32.135,2024-02-12 15:41:41.619,3.0
-0.4182,0.0566,-0.0298,-63.5757,14.4958,-48.2178,2024-02-12 15:41:41.627,3.0
-0.6702,-0.0122,0.0935,-72.1054,28.5339,-65.979,2024-02-12 15:41:41.651,3.0
-0.9233,-0.1399,0.1226,-73.494,18.7607,-61.1801,2024-02-12 15:41:41.660,3.0
-0.8359,-0.2583,0.0481,-78.6514,-14.3204,-50.8499,2024-02-12 15:41:41.684,3.0
-0.6448,-0.3257,0.0264,-84.9686,-33.1802,-46.1884,2024-02-12 15:41:41.700,3.0
-0.5605,-0.2939,0.1299,-85.7086,-18.7302,-41.3361,2024-02-12 15:41:41.716,3.0
-0.604,-0.1982,0.1313,-82.8476,2.5711,-34.6298,2024-02-12 15:41:41.741,3.0
-0.6973,-0.1121,0.083,-84.9457,10.9177,-25.8484,2024-02-12 15:41:41.750,3.0
-0.7678,-0.073,0.1343,-86.4334,6.9351,-12.413,2024-02-12 15:41:41.774,3.0
-0.7712,-0.0967,0.1802,-84.7778,-0.9842,0.0229,2024-02-12 15:41:41.790,3.0
-0.7004,-0.1123,0.1855,-82.1686,-6.7368,12.619,2024-02-12 15:41:41.815,3.0
-0.6575,-0.0767,0.241,-81.81,-4.3716,16.3574,2024-02-12 15:41:41.823,3.0
-0.7554,-0.094,0.3284,-75.0046,6.1188,19.104,2024-02-12 15:41:41.848,3.0
-0.7957,-0.155,0.24,-68.2907,6.3705,16.5405,2024-02-12 15:41:41.864,3.0
-0.897,-0.1797,0.2522,-61.2488,1.7166,12.2681,2024-02-12 15:41:41.881,3.0
-0.873,-0.2397,0.2271,-50.5524,-5.9662,4.5395,2024-02-12 15:41:41.898,3.0
-0.8926,-0.2344,0.196,-43.8995,1.442,-17.5476,2024-02-12 15:41:41.922,3.0
-1.0283,-0.1956,0.2405,-40.8478,12.7792,-29.892,2024-02-12 15:41:41.938,3.0
-1.1223,-0.0833,0.3123,-43.2129,12.5427,-28.5263,2024-02-12 15:41:41.954,3.0
-1.0791,0.0327,0.3782,-50.5142,-4.9515,-18.9362,2024-02-12 15:41:41.970,3.0
-0.8689,-0.0071,0.3699,-58.2123,-17.0135,-10.6659,2024-02-12 15:41:41.986,3.0
-0.7778,-0.3032,0.2708,-69.0308,13.5193,-30.5481,2024-02-12 15:41:42.010,3.0
-1.0012,-0.3591,0.2346,-63.4995,50.4532,-53.215,2024-02-12 15:41:42.027,3.0
-1.2314,-0.6733,0.1021,-44.0521,64.3921,-68.5043,2024-02-12 15:41:42.042,3.0
-1.4543,-0.6536,0.0452,-4.8904,34.8816,-69.191,2024-02-12 15:41:42.067,3.0
-1.3672,-0.6191,-0.262,16.4261,-39.3066,-37.5061,2024-02-12 15:41:42.083,3.0
-0.7559,-0.1287,-0.4153,3.0289,-114.624,-20.9579,2024-02-12 15:41:42.100,3.0
-0.429,0.0396,-0.375,-20.1492,-112.1597,2.0599,2024-02-12 15:41:42.116,3.0
-0.1538,-0.1067,-0.1824,-32.0587,-49.4461,6.5079,2024-02-12 15:41:42.133,3.0
-0.4795,-0.1025,-0.0166,-34.1187,39.2685,-8.0795,2024-02-12 15:41:42.151,3.0
-1.1111,-0.002,0.1223,-27.2141,94.4519,-18.9743,2024-02-12 15:41:42.167,3.0
-1.6045,-0.1045,0.01,-10.1166,94.8639,1.7853,2024-02-12 15:41:42.184,3.0
-1.5769,-0.1428,-0.1555,-10.0479,28.2898,36.0413,2024-02-12 15:41:42.208,3.0
-1.1978,-0.1067,-0.1985,-18.7988,-35.5911,47.7448,2024-02-12 15:41:42.233,3.0
-0.8533,-0.189,-0.1055,-22.1405,-53.3447,47.0505,2024-02-12 15:41:42.241,3.0
-0.7078,-0.2258,0.0076,-11.9019,-33.0811,51.6129,2024-02-12 15:41:42.266,3.0
-0.6399,-0.2,-0.0315,-6.3171,2.0599,57.2891,2024-02-12 15:41:42.274,3.0
-0.6575,-0.1489,0.0125,-2.1667,16.4032,56.9077,2024-02-12 15:41:42.299,3.0
-0.7939,-0.0723,0.1277,4.1199,14.9612,57.0221,2024-02-12 15:41:42.315,3.0
-0.8306,-0.0369,0.1501,11.8561,3.6697,59.9747,2024-02-12 15:41:42.331,3.0
-0.6287,-0.0566,0.0657,13.7177,-19.371,53.7262,2024-02-12 15:41:42.355,3.0
-0.4456,-0.0168,0.0669,15.1672,-30.8685,39.093,2024-02-12 15:41:42.371,3.0
-0.3115,0.0549,0.1021,14.9765,-18.5776,21.7514,2024-02-12 15:41:42.388,3.0
-0.2639,0.1182,0.0876,16.0065,11.8408,3.0746,2024-02-12 15:41:42.404,3.0
-0.313,0.1514,0.1233,14.7324,37.0407,-8.049,2024-02-12 15:41:42.429,3.0
-0.4448,0.157,0.1484,9.5367,48.2864,-17.3035,2024-02-12 15:41:42.437,3.0
-0.6453,0.106,0.1987,3.4332,46.051,-25.116,2024-02-12 15:41:42.453,3.0
-0.9023,0.0786,0.2686,2.8458,25.4364,-20.7138,2024-02-12 15:41:42.479,3.0
-0.947,0.0061,0.1489,1.7548,-5.0278,-8.2245,2024-02-12 15:41:42.496,3.0
-0.7925,-0.0549,0.0024,-11.3297,-22.0947,-6.5155,2024-02-12 15:41:42.512,3.0
-0.8149,0.0161,0.002,-14.183,16.2277,-7.2861,2024-02-12 15:41:42.536,3.0
-0.9814,0.0598,0.1628,-14.9155,75.1801,-0.9766,2024-02-12 15:41:42.552,3.0
-1.0886,0.0156,0.3408,-8.9417,77.7359,3.9749,2024-02-12 15:41:42.564,3.0
-1.1257,-0.0305,0.3792,2.8152,43.6935,8.2169,2024-02-12 15:41:42.588,3.0
-1.2048,0.0193,0.145,16.0217,55.4886,16.2125,2024-02-12 15:41:42.612,3.0
-1.4324,0.0452,-0.0417,14.6255,91.2857,21.0724,2024-02-12 15:41:42.612,3.0
-1.5454,0.2993,-0.4111,11.6577,63.3011,49.4003,2024-02-12 15:41:42.636,3.0
-1.3188,0.3699,-0.7847,-20.1263,5.5161,59.3185,2024-02-12 15:41:42.660,3.0
-1.209,0.1213,-0.5378,-35.6598,-53.1616,61.6913,2024-02-12 15:41:42.672,3.0
-0.7522,-0.2144,-0.3809,-32.0587,-95.5353,57.579,2024-02-12 15:41:42.688,3.0
-0.363,-0.3557,-0.0425,-18.0283,-103.5233,23.8342,2024-02-12 15:41:42.704,3.0
-0.2183,-0.2712,0.1912,5.7907,-64.0335,-23.4604,2024-02-12 15:41:42.729,3.0
-0.4971,-0.1606,0.1843,27.7405,21.8201,-48.8892,2024-02-12 15:41:42.746,3.0
-0.8838,-0.1016,-0.0862,37.6358,95.5963,-56.5186,2024-02-12 15:41:42.764,3.0
-1.2856,0.0522,-0.2117,28.9688,97.8317,-48.8968,2024-02-12 15:41:42.781,3.0
-1.3569,0.1379,-0.312,7.4387,28.7857,-41.9693,2024-02-12 15:41:42.798,3.0
-1.1904,-0.0037,-0.1201,-6.1111,-82.6721,-43.8843,2024-02-12 15:41:42.814,3.0
-0.8975,-0.0571,-0.1045,-5.806,-111.2366,-36.5448,2024-02-12 15:41:42.831,3.0
-0.5017,-0.0239,-0.0828,-8.7204,-89.653,-38.2538,2024-02-12 15:41:42.855,3.0
-0.3215,-0.04,-0.1189,-13.7482,-58.2733,-48.9273,2024-02-12 15:41:42.871,3.0
-0.4146,-0.1121,-0.0764,-24.9634,-16.3574,-52.2614,2024-02-12 15:41:42.888,3.0
-0.5605,-0.1528,0.0166,-35.08,14.3204,-48.912,2024-02-12 15:41:42.904,3.0
-0.6863,-0.1277,0.0447,-38.7802,15.3503,-42.0303,2024-02-12 15:41:42.921,3.0
-0.7366,-0.074,0.0295,-41.4124,-10.4523,-30.4489,2024-02-12 15:41:42.945,3.0
-0.6616,-0.0664,0.0232,-44.5251,-25.1694,-15.2435,2024-02-12 15:41:42.969,3.0
-0.5317,-0.0837,0.0486,-48.172,-21.9421,-4.8676,2024-02-12 15:41:42.978,3.0
-0.4875,-0.1382,0.1084,-50.3235,1.8005,2.8458,2024-02-12 15:41:43.002,3.0
-0.5757,-0.1755,0.2297,-48.7595,24.8413,10.2005,2024-02-12 15:41:43.019,3.0
-0.7764,-0.1621,0.3496,-41.6336,34.9274,19.6686,2024-02-12 15:41:43.035,3.0
-0.897,-0.1479,0.3445,-32.8751,27.3056,28.1677,2024-02-12 15:41:43.051,3.0
-0.9517,-0.2227,0.2664,-28.6255,-0.2899,28.0762,2024-02-12 15:41:43.067,3.0
-0.937,-0.2505,0.0874,-24.2996,-21.9879,18.4326,2024-02-12 15:41:43.091,3.0
-0.8879,-0.0996,0.0388,-24.5514,-26.3824,10.2158,2024-02-12 15:41:43.108,3.0
-0.7974,0.0522,0.1279,-18.8522,-11.8332,-4.5395,2024-02-12 15:41:43.124,3.0
-0.9038,-0.0613,0.2937,-24.826,2.0905,-25.2838,2024-02-12 15:41:43.150,3.0
-1.0654,-0.0999,0.5144,-23.6053,1.2283,-21.904,2024-02-12 15:41:43.166,3.0
-0.958,-0.2063,0.217,-23.201,-7.0801,-14.4119,2024-02-12 15:41:43.182,3.0
-0.9951,-0.3267,0.1489,-37.5519,9.8114,-47.1802,2024-02-12 15:41:43.200,3.0
-1.3184,-0.4414,0.1345,-28.7094,17.6849,-77.8961,2024-02-12 15:41:43.217,3.0
-1.447,-0.811,0.0701,1.5869,6.5155,-73.143,2024-02-12 15:41:43.233,3.0
-1.3784,-0.552,-0.1553,52.1698,-46.8445,-50.0336,2024-02-12 15:41:43.257,3.0
-0.9346,-0.3311,-0.4541,34.5993,-88.2034,-31.9595,2024-02-12 15:41:43.281,3.0
-0.6865,-0.1123,-0.3591,14.534,-94.1238,-9.4681,2024-02-12 15:41:43.297,3.0
-0.5264,-0.1182,-0.3491,-3.5019,-51.6129,13.4583,2024-02-12 15:41:43.305,3.0
-0.7539,0.0398,-0.1121,-19.4016,11.9095,21.1639,2024-02-12 15:41:43.329,3.0
-1.147,0.2207,0.0564,-19.3176,40.6189,20.2179,2024-02-12 15:41:43.346,3.0
-1.4543,0.1572,-0.0522,-5.9738,47.6761,30.5252,2024-02-12 15:41:43.362,3.0
-1.3337,-0.0354,-0.1135,-12.7029,-24.8795,44.1818,2024-02-12 15:41:43.378,3.0
-1.1663,-0.2937,0.0881,-3.6774,-95.787,51.3382,2024-02-12 15:41:43.398,3.0
-0.8176,-0.3984,0.1396,11.5967,-116.4169,61.1038,2024-02-12 15:41:43.424,3.0
-0.5774,-0.4338,0.1091,29.2358,-97.2672,70.7092,2024-02-12 15:41:43.432,3.0
-0.3445,-0.3728,0.0747,42.9153,-62.2482,66.7572,2024-02-12 15:41:43.448,3.0
-0.271,-0.1873,0.1538,50.1633,-17.5552,52.1851,2024-02-12 15:41:43.472,3.0
-0.3408,0.0181,0.1858,55.1224,15.0681,37.468,2024-02-12 15:41:43.481,3.0
-0.4358,0.1409,0.1604,56.0608,24.7803,28.389,2024-02-12 15:41:43.507,3.0
-0.5134,0.2097,0.1169,51.5976,24.0631,21.1945,2024-02-12 15:41:43.531,3.0
-0.4756,0.1851,0.0852,41.9159,20.6375,12.6801,2024-02-12 15:41:43.540,3.0
-0.4468,0.1348,0.2009,34.584,14.2059,4.303,2024-02-12 15:41:43.557,3.0
-0.4417,0.0757,0.3203,34.3704,19.0277,-5.3558,2024-02-12 15:41:43.581,3.0
-0.5164,0.062,0.4292,33.8593,26.535,-16.4642,2024-02-12 15:41:43.597,3.0
-0.6211,0.1006,0.4253,35.8353,28.2745,-23.5443,2024-02-12 15:41:43.614,3.0
-0.8848,0.147,0.3638,32.7835,19.0964,-16.4413,2024-02-12 15:41:43.630,3.0
-0.8477,0.0945,0.2715,30.1514,-6.7291,-5.8823,2024-02-12 15:41:43.655,3.0
-0.8147,0.0896,-0.0583,22.4838,-5.4779,-3.5858,2024-02-12 15:41:43.671,3.0
-0.822,0.0935,-0.1038,9.1171,50.2472,-0.5341,2024-02-12 15:41:43.684,3.0
-1.0251,0.054,0.304,0.824,87.3108,-1.7776,2024-02-12 15:41:43.700,3.0
-1.0945,0.0361,0.4907,12.2833,84.5795,-3.0136,2024-02-12 15:41:43.724,3.0
-1.1516,-0.0193,0.5408,23.5672,59.9518,-8.9722,2024-02-12 15:41:43.742,3.0
-1.1472,0.1182,0.3735,40.7333,60.4782,-1.5869,2024-02-12 15:41:43.758,3.0
-1.374,-0.0198,0.05,37.0407,106.5445,4.1733,2024-02-12 15:41:43.774,3.0
-1.6091,0.2288,-0.1018,34.4772,84.9762,36.1938,2024-02-12 15:41:43.792,3.0
-1.3,0.2983,-0.6414,15.5258,7.637,58.2275,2024-02-12 15:41:43.808,3.0
-1.1331,0.3171,-0.4988,-11.322,-46.4554,57.2281,2024-02-12 15:41:43.833,3.0
-0.8438,0.0496,-0.1902,-12.8784,-69.4962,60.2341,2024-02-12 15:41:43.850,3.0
-0.446,-0.1511,-0.0483,-6.5002,-77.8427,40.1077,2024-02-12 15:41:43.866,3.0
-0.3372,-0.218,0.1094,4.5547,-48.3704,10.8414,2024-02-12 15:41:43.883,3.0
-0.46,-0.2351,0.24,23.2468,24.5667,-21.5759,2024-02-12 15:41:43.901,3.0
-0.8311,-0.1509,-0.0659,28.4729,79.0863,-48.1644,2024-02-12 15:41:43.917,3.0
-1.3259,-0.0056,-0.2656,15.892,86.9675,-49.0189,2024-02-12 15:41:43.941,3.0
-1.4417,0.0757,-0.2166,-6.3477,23.0789,-35.2554,2024-02-12 15:41:43.958,3.0
-1.2454,0.1379,-0.0647,-21.6446,-90.1642,-38.3911,2024-02-12 15:41:43.984,3.0
-0.9158,0.1445,-0.0908,-33.0124,-125.4349,-32.2266,2024-02-12 15:41:43.992,3.0
-0.5059,0.1716,-0.0671,-45.7687,-107.3532,-31.8146,2024-02-12 15:41:44.009,3.0
-0.2126,0.1047,-0.0393,-59.5703,-77.9572,-47.0886,2024-02-12 15:41:44.033,3.0
-0.2498,-0.0608,0.0005,-68.8019,-41.0156,-56.8771,2024-02-12 15:41:44.041,3.0
-0.4358,-0.2258,0.0789,-70.5109,0.3662,-57.2815,2024-02-12 15:41:44.062,3.0
-0.6846,-0.2754,0.127,-60.3027,7.9575,-50.1785,2024-02-12 15:41:44.078,3.0
-0.7234,-0.2339,0.1084,-54.2221,-16.9678,-37.0941,2024-02-12 15:41:44.102,3.0
-0.6533,-0.2151,0.075,-50.8652,-43.3731,-22.1863,2024-02-12 15:41:44.119,3.0
-0.562,-0.1931,0.1431,-50.5295,-44.342,-7.5378,2024-02-12 15:41:44.135,3.0
-0.4629,-0.1646,0.2422,-44.4107,-16.5405,6.1264,2024-02-12 15:41:44.159,3.0
-0.4587,-0.1292,0.3201,-37.0941,8.4305,16.0065,2024-02-12 15:41:44.176,3.0
-0.5815,-0.1021,0.3486,-29.0298,26.8936,27.0844,2024-02-12 15:41:44.191,3.0
-0.6919,-0.0986,0.334,-24.1699,28.4348,35.9573,2024-02-12 15:41:44.210,3.0
-0.76,-0.1575,0.322,-17.9367,28.9993,36.3846,2024-02-12 15:41:44.227,3.0
-0.853,-0.1863,0.3525,-17.0364,29.1977,21.6217,2024-02-12 15:41:44.243,3.0
-0.9795,-0.1353,0.1904,-19.1727,41.5726,-1.8005,2024-02-12 15:41:44.259,3.0
-0.9551,-0.0078,0.0703,-17.4561,34.1644,-15.48,2024-02-12 15:41:44.275,3.0
-0.9795,-0.0989,0.2368,-27.977,24.6201,-30.014,2024-02-12 15:41:44.301,3.0
-1.0623,-0.2502,0.6445,-25.0778,29.0451,-30.6854,2024-02-12 15:41:44.317,3.0
-1.1238,-0.1409,0.5056,-20.6299,31.0822,-21.6522,2024-02-12 15:41:44.334,3.0
-0.9636,-0.5037,0.1265,-37.6129,33.0124,-34.8358,2024-02-12 15:41:44.350,3.0
-1.21,-0.407,0.4365,-19.6457,44.2276,-67.9703,2024-02-12 15:41:44.367,3.0
-1.3784,-0.4685,0.0615,-17.4255,22.7127,-64.1022,2024-02-12 15:41:44.383,3.0
-1.2173,-0.4641,0.0586,16.0751,8.3008,-74.5697,2024-02-12 15:41:44.412,3.0
-1.342,-0.3789,-0.3081,29.4113,-20.9732,-67.6727,2024-02-12 15:41:44.417,3.0
-1.0007,-0.2419,-0.397,23.6969,-57.9605,-45.2499,2024-02-12 15:41:44.442,3.0
-0.666,-0.002,-0.2087,-2.1057,-69.5496,-15.3885,2024-02-12 15:41:44.458,3.0
-0.4678,-0.0647,0.165,-12.8021,-31.1813,6.9046,2024-02-12 15:41:44.474,3.0
-0.6697,-0.1443,0.1841,1.0376,56.1142,19.0735,2024-02-12 15:41:44.491,3.0
-1.0747,0.0132,-0.0232,-3.9673,99.7467,16.716,2024-02-12 15:41:44.516,3.0
-1.4041,-0.0132,-0.0352,0.2594,77.5299,19.371,2024-02-12 15:41:44.550,3.0
-1.5769,-0.1321,-0.1008,9.0332,17.6544,33.1879,2024-02-12 15:41:44.550,3.0
-1.3684,-0.0974,-0.0371,10.2692,-45.2423,50.4913,2024-02-12 15:41:44.567,3.0
-0.9407,-0.1951,-0.0352,17.1738,-81.6727,56.7245,2024-02-12 15:41:44.583,3.0
-0.5549,-0.2217,-0.0801,23.2468,-72.7081,63.3469,2024-02-12 15:41:44.608,3.0
-0.3376,-0.2036,-0.0461,31.3644,-40.1611,66.4291,2024-02-12 15:41:44.624,3.0
-0.3108,-0.1655,-0.02,40.3595,-1.2436,59.7305,2024-02-12 15:41:44.641,3.0
-0.467,-0.0969,0.0493,48.1949,25.5814,48.2407,2024-02-12 15:41:44.658,3.0
-0.6218,-0.0781,0.1045,51.9257,21.1792,41.5649,2024-02-12 15:41:44.682,3.0
-0.6785,-0.0112,0.1423,55.481,2.3499,39.7797,2024-02-12 15:41:44.691,3.0
-0.5798,0.1064,0.0828,58.9142,-8.5907,32.3105,2024-02-12 15:41:44.708,3.0
-0.4431,0.1584,0.0161,55.0613,-12.4054,16.5253,2024-02-12 15:41:44.724,3.0
-0.406,0.1409,0.0134,50.5142,-11.6196,2.8763,2024-02-12 15:41:44.741,3.0
-0.3855,0.1277,0.1052,43.1747,-3.0518,-8.6136,2024-02-12 15:41:44.766,3.0
-0.4663,0.1069,0.2314,36.3159,9.3002,-19.2032,2024-02-12 15:41:44.783,3.0
-0.6335,0.0791,0.3347,30.899,17.8223,-27.1912,2024-02-12 15:41:44.800,3.0
-0.8779,0.0945,0.4114,26.5732,17.3721,-26.1917,2024-02-12 15:41:44.825,3.0
-0.9136,0.1912,0.2869,25.3067,5.6992,-13.7405,2024-02-12 15:41:44.833,3.0
-0.8606,0.2129,0.0088,9.6664,-8.8043,-1.9226,2024-02-12 15:41:44.850,3.0
-0.7932,0.1433,0.0293,-12.3444,5.0583,-8.1558,2024-02-12 15:41:44.867,3.0
-0.854,-0.022,0.2617,-18.5394,44.1513,-18.7149,2024-02-12 15:41:44.892,3.0
-1.041,-0.0125,0.4143,-10.6888,71.1746,-20.5002,2024-02-12 15:41:44.909,3.0
-1.1311,0.054,0.3923,-0.0381,60.5087,-20.2255,2024-02-12 15:41:44.925,3.0
-1.2207,0.2441,0.0339,6.2943,58.9066,-11.2839,2024-02-12 15:41:44.942,3.0
-1.4082,0.1326,-0.0879,-9.3918,76.5839,-5.4321,2024-02-12 15:41:44.958,3.0
-1.6489,0.272,-0.0347,-13.3514,56.8237,17.4713,2024-02-12 15:41:44.974,3.0
-1.5305,0.4182,-0.4963,-20.0424,21.3165,48.4085,2024-02-12 15:41:44.999,3.0
-1.1248,0.4258,-0.7949,-53.7491,-41.4581,58.4793,2024-02-12 15:41:45.008,3.0
-0.8804,0.1162,-0.519,-72.8989,-94.2917,60.7147,2024-02-12 15:41:45.028,3.0
-0.5198,-0.2739,-0.0774,-75.5386,-118.3777,49.0494,2024-02-12 15:41:45.044,3.0
-0.2043,-0.4443,0.2708,-52.9099,-92.4606,12.5046,2024-02-12 15:41:45.084,3.0
-0.3184,-0.3062,0.3193,-20.8435,-14.8392,-31.2805,2024-02-12 15:41:45.084,3.0
-0.6409,-0.1875,0.0652,-5.8823,66.1392,-55.2216,2024-02-12 15:41:45.109,3.0
-1.0696,-0.0959,-0.0891,-11.0092,91.8655,-65.6891,2024-02-12 15:41:45.109,3.0
-1.4426,0.1067,-0.2202,-26.329,57.0297,-52.5131,2024-02-12 15:41:45.133,3.0
-1.3369,0.1165,-0.1519,-51.2543,-27.4506,-42.16,2024-02-12 15:41:45.152,3.0
-1.1177,0.0374,-0.0061,-55.7404,-97.3129,-43.6783,2024-02-12 15:41:45.160,3.0
-0.7637,0.0242,-0.0874,-60.2493,-109.5123,-37.1475,2024-02-12 15:41:45.176,3.0
-0.4219,0.0186,-0.1184,-70.3125,-91.9418,-39.6042,2024-02-12 15:41:45.193,3.0
-0.3152,-0.0413,-0.0991,-81.2531,-57.6553,-48.4467,2024-02-12 15:41:45.209,3.0
-0.4077,-0.1057,-0.0525,-89.4241,-20.2942,-50.6668,2024-02-12 15:41:45.244,3.0
-0.5925,-0.1174,0.0183,-94.2688,6.1188,-43.9987,2024-02-12 15:41:45.244,3.0
-0.7034,-0.1348,0.0332,-97.641,13.2141,-35.1791,2024-02-12 15:41:45.252,3.0
-0.7126,-0.1331,0.0715,-99.3042,-2.4033,-25.8331,2024-02-12 15:41:45.276,3.0
-0.6567,-0.1226,0.0635,-98.8235,-23.4756,-14.8926,2024-02-12 15:41:45.285,3.0
-0.5435,-0.1436,0.0815,-99.8611,-25.2151,-3.7994,2024-02-12 15:41:45.301,3.0
-0.4419,-0.1729,0.1443,-97.9156,-8.4534,4.303,2024-02-12 15:41:45.325,3.0
-0.4932,-0.198,0.2468,-90.4846,17.8909,10.5362,2024-02-12 15:41:45.345,3.0
-0.6401,-0.2412,0.3308,-77.0798,37.6587,18.1656,2024-02-12 15:41:45.353,3.0
-0.7737,-0.2905,0.3479,-60.3104,34.2255,27.7328,2024-02-12 15:41:45.369,3.0
-0.8184,-0.281,0.3298,-48.9426,15.6784,27.5116,2024-02-12 15:41:45.398,3.0
-0.8108,-0.366,0.3447,-47.5159,-0.473,12.9166,2024-02-12 15:41:45.407,3.0
-0.925,-0.2932,0.2925,-28.9001,9.6588,-2.5024,2024-02-12 15:41:45.431,3.0
-0.9688,-0.1904,0.1016,-10.1852,20.2637,-13.4201,2024-02-12 15:41:45.463,3.0
-0.9749,-0.0298,0.0986,-5.7068,20.9351,-22.2473,2024-02-12 15:41:45.463,3.0
-1.0315,0.0581,0.3088,-19.31,12.6495,-29.892,2024-02-12 15:41:45.519,3.0
-1.0352,0.0757,0.4031,-27.8702,-0.8011,-26.268,2024-02-12 15:41:45.519,3.0
-0.9658,0.0745,0.3701,-34.935,-22.5983,-15.0986,2024-02-12 15:41:45.519,3.0
-0.729,-0.1487,0.1504,-50.4684,-33.2565,-7.4768,2024-02-12 15:41:45.543,3.0
-0.7903,-0.1509,0.2068,-57.7164,31.7535,-43.8919,2024-02-12 15:41:45.559,3.0
-1.2419,-0.2888,0.0913,-56.2286,48.3246,-73.4711,2024-02-12 15:41:45.559,3.0
-1.3767,-0.5305,-0.1777,-37.7121,34.2102,-56.3507,2024-02-12 15:41:45.587,3.0
-1.3127,-0.325,-0.5747,-36.8347,-34.79,-54.4968,2024-02-12 15:41:45.612,3.0
-1.0674,-0.1025,-0.3667,-60.1654,-89.3631,-25.238,2024-02-12 15:41:45.620,3.0
-0.6565,0.0166,-0.2578,-66.0324,-86.9293,6.6757,2024-02-12 15:41:45.636,3.0
-0.5288,0.1353,-0.2224,-81.7032,-3.479,7.2021,2024-02-12 15:41:45.652,3.0
-0.8594,0.2725,-0.019,-83.0383,62.0804,16.7007,2024-02-12 15:41:45.684,3.0
-1.1309,0.095,-0.0955,-80.0552,73.7762,28.5721,2024-02-12 15:41:45.684,3.0
-1.2642,-0.2476,-0.0742,-72.0291,58.96,22.4304,2024-02-12 15:41:45.708,3.0
-1.4067,-0.3628,0.0801,-65.9409,4.4785,28.4805,2024-02-12 15:41:45.716,3.0
-1.2795,-0.2827,0.2056,-51.3077,-51.6434,46.8445,2024-02-12 15:41:45.733,3.0
-0.9729,-0.209,0.0315,-41.4734,-72.5937,56.3507,2024-02-12 15:41:45.749,3.0
-0.6208,-0.1797,-0.1003,-37.5214,-65.1932,60.7605,2024-02-12 15:41:45.773,3.0
-0.4309,-0.1184,-0.0002,-34.9808,-47.3709,55.6564,2024-02-12 15:41:45.789,3.0
-0.3948,-0.0232,0.1111,-29.2206,-23.3002,45.2118,2024-02-12 15:41:45.805,3.0
-0.4177,-0.0171,0.115,-25.9399,-0.6714,35.2249,2024-02-12 15:41:45.830,3.0
-0.4941,-0.0146,0.1423,-20.3094,9.6512,26.5198,2024-02-12 15:41:45.847,3.0
-0.4954,0.0181,0.1526,-14.7934,13.9008,19.0887,2024-02-12 15:41:45.863,3.0
-0.4602,0.0645,0.1318,-9.2316,20.5307,11.5509,2024-02-12 15:41:45.880,3.0
-0.4536,0.1184,0.1902,-6.5842,30.8151,0.5951,2024-02-12 15:41:45.896,3.0
-0.509,0.1221,0.2847,-5.5389,31.1203,-7.9575,2024-02-12 15:41:45.920,3.0
-0.5908,0.0872,0.3538,-1.358,28.2288,-18.0817,2024-02-12 15:41:45.936,3.0
-0.7524,0.0327,0.3311,3.7689,22.0642,-24.3759,2024-02-12 15:41:45.952,3.0
-0.9058,0.0383,0.2187,8.9951,8.1406,-20.3476,2024-02-12 15:41:45.968,3.0
-0.8713,-0.0039,0.062,5.8823,-12.2299,-8.5068,2024-02-12 15:41:45.992,3.0
-0.7952,-0.0415,0.0605,0.1831,-8.8196,-8.9798,2024-02-12 15:41:46.008,3.0
-0.8303,-0.0342,0.2117,4.0054,30.3955,-11.2839,2024-02-12 15:41:46.024,3.0
-0.9873,-0.0044,0.3416,8.0185,69.9692,-8.5373,2024-02-12 15:41:46.041,3.0
-1.0637,0.0657,0.373,19.5236,81.0013,-5.0812,2024-02-12 15:41:46.057,3.0
-1.0815,0.1931,0.1448,24.7879,63.8733,-3.6697,2024-02-12 15:41:46.082,3.0
-1.1389,0.408,-0.1377,20.9656,73.9059,1.9684,2024-02-12 15:41:46.090,3.0
-1.4253,0.2495,-0.0872,1.1749,85.0525,1.7624,2024-02-12 15:41:46.106,3.0
-1.5735,0.3118,-0.2949,-2.6093,39.8788,30.3421,2024-02-12 15:41:46.122,3.0
-1.3525,0.3745,-0.8188,-26.1917,-3.1433,51.6129,2024-02-12 15:41:46.147,3.0
-1.1511,0.2451,-0.7856,-59.6619,-36.4685,56.6177,2024-02-12 15:41:46.163,3.0
-0.8896,-0.1211,-0.3975,-69.7174,-73.1812,54.3976,2024-02-12 15:41:46.179,3.0
-0.52,-0.3347,-0.0061,-57.6172,-99.2737,30.6244,2024-02-12 15:41:46.196,3.0
-0.2869,-0.2444,0.1997,-39.4516,-96.8399,-5.1193,2024-02-12 15:41:46.212,3.0
-0.4001,-0.1577,0.2312,-21.8811,-28.8467,-32.5012,2024-02-12 15:41:46.229,3.0
-0.7019,-0.1758,0.0244,-10.91,55.4199,-49.6445,2024-02-12 15:41:46.245,3.0
-1.1782,-0.0715,-0.177,-14.0762,92.308,-49.7589,2024-02-12 15:41:46.262,3.0
-1.4983,0.1125,-0.394,-32.608,67.0242,-36.6287,2024-02-12 15:41:46.278,3.0
-1.3945,0.0996,-0.2578,-57.4646,-29.48,-34.2255,2024-02-12 15:41:46.302,3.0
-1.2205,-0.0352,-0.0989,-58.7463,-116.8823,-29.7623,2024-02-12 15:41:46.318,3.0
-0.834,-0.0505,-0.1335,-62.3474,-134.8419,-21.5073,2024-02-12 15:41:46.342,3.0
-0.4365,-0.012,-0.1438,-71.7316,-110.3363,-27.5421,2024-02-12 15:41:46.342,3.0
-0.2747,-0.0264,-0.0979,-82.9544,-62.3398,-42.5797,2024-02-12 15:41:46.367,3.0
-0.3828,-0.0503,-0.0864,-91.9647,-15.5792,-47.7905,2024-02-12 15:41:46.383,3.0
-0.5623,-0.0862,-0.0664,-98.732,13.3209,-43.9453,2024-02-12 15:41:46.399,3.0
-0.7026,-0.0923,-0.051,-104.8203,10.6125,-34.7443,2024-02-12 15:41:46.424,3.0
-0.6824,-0.0879,0.0078,-106.72,-19.1498,-26.4359,2024-02-12 15:41:46.444,3.0
-0.6055,-0.0959,0.0188,-106.7429,-35.9421,-13.382,2024-02-12 15:41:46.461,3.0
-0.4692,-0.1453,0.0574,-106.3995,-21.8964,0.1678,2024-02-12 15:41:46.477,3.0
-0.4312,-0.22,0.1218,-102.2186,6.1417,2.8152,2024-02-12 15:41:46.502,3.0
-0.5459,-0.241,0.2114,-93.9407,28.0075,3.4714,2024-02-12 15:41:46.511,3.0
-0.7517,-0.2581,0.3306,-79.2847,35.6369,6.3782,2024-02-12 15:41:46.535,3.0
-0.9478,-0.3152,0.4214,-53.5202,16.8228,9.903,2024-02-12 15:41:46.551,3.0
-0.9858,-0.4514,0.3501,-38.5437,-11.3602,7.2861,2024-02-12 15:41:46.567,3.0
-1.0117,-0.385,0.2437,-25.6805,-24.5361,-2.3575,2024-02-12 15:41:46.591,3.0
-0.9976,-0.1172,0.1968,-20.2713,-30.8914,-5.6076,2024-02-12 15:41:46.608,3.0
-0.8772,0.0542,0.2676,-19.0353,-23.0103,-10.9024,2024-02-12 15:41:46.624,3.0
-0.9243,0.0945,0.3303,-27.4353,-0.679,-22.1405,2024-02-12 15:41:46.640,3.0
-1.0369,0.0757,0.4312,-31.3263,-5.7907,-16.5939,2024-02-12 15:41:46.674,3.0
-1.0618,0.0237,0.3989,-40.1077,-36.0947,-4.8294,2024-02-12 15:41:46.682,3.0
-0.906,-0.2258,0.0808,-52.1469,-35.9039,-6.7368,2024-02-12 15:41:46.699,3.0
-1.0356,-0.228,0.1917,-60.1349,-10.9558,-31.9977,2024-02-12 15:41:46.707,3.0
-1.2671,-0.3721,0.0874,-49.9573,-9.697,-31.0287,2024-02-12 15:41:46.732,3.0
-1.2173,-0.3418,-0.0417,-32.1426,-15.7394,-25.7187,2024-02-12 15:41:46.749,3.0
-1.0437,-0.3625,-0.3306,-38.1088,-30.0369,-36.7737,2024-02-12 15:41:46.765,3.0
-0.9297,-0.3203,-0.2476,-54.0161,-45.433,-36.6364,2024-02-12 15:41:46.773,3.0
-0.717,-0.1643,-0.2236,-59.2041,-53.3142,-20.134,2024-02-12 15:41:46.807,3.0
-0.6355,0.0037,-0.1506,-79.6127,-14.5874,-8.5144,2024-02-12 15:41:46.815,3.0
-1.0095,0.1033,0.1506,-76.1719,42.4881,9.5978,2024-02-12 15:41:46.832,3.0
-1.3337,0.0649,0.0,-61.1191,70.7321,34.0805,2024-02-12 15:41:46.857,3.0
-1.3889,-0.063,-0.073,-60.1959,37.1094,32.753,2024-02-12 15:41:46.873,3.0
-1.3796,-0.1089,0.041,-61.9507,-42.1829,47.1115,2024-02-12 15:41:46.889,3.0
-1.1741,-0.2195,0.0952,-51.8646,-89.2868,62.3169,2024-02-12 15:41:46.905,3.0
-0.79,-0.2842,0.116,-43.7088,-101.1887,70.0684,2024-02-12 15:41:46.930,3.0
-0.5139,-0.2498,0.1829,-34.5306,-86.6241,76.0117,2024-02-12 15:41:46.946,3.0
-0.2739,-0.2041,0.1731,-20.5078,-48.9731,70.0378,2024-02-12 15:41:46.970,3.0
-0.2839,-0.0964,0.1086,-10.6583,-6.4774,59.4635,2024-02-12 15:41:46.986,3.0
-0.4023,-0.0037,0.082,-3.1891,16.983,46.5469,2024-02-12 15:41:46.994,3.0
-0.5195,0.0027,0.0608,-0.2899,14.8239,37.2086,2024-02-12 15:41:47.014,3.0
-0.5701,0.0317,0.0496,1.1444,6.1264,33.5464,2024-02-12 15:41:47.030,3.0
-0.4578,0.1006,0.1494,-2.1667,-2.0294,25.6424,2024-02-12 15:41:47.054,3.0
-0.3894,0.1313,0.2031,-1.4343,1.1597,11.7722,2024-02-12 15:41:47.066,3.0
-0.3936,0.0906,0.1765,-0.2747,14.5569,-1.0605,2024-02-12 15:41:47.091,3.0
-0.4795,0.0474,0.3486,0.2441,30.5405,-12.9623,2024-02-12 15:41:47.108,3.0
-0.6472,0.0242,0.533,7.7972,43.1519,-22.8653,2024-02-12 15:41:47.122,3.0
-0.8945,0.0037,0.4578,18.7912,36.5448,-24.147,2024-02-12 15:41:47.146,3.0
-1.0229,0.0137,0.3293,19.8364,14.8544,-13.3133,2024-02-12 15:41:47.163,3.0
-0.938,-0.0808,0.2065,14.389,-10.5515,-5.1498,2024-02-12 15:41:47.179,3.0
-0.8938,-0.022,0.1785,18.6768,-1.1215,-9.613,2024-02-12 15:41:47.203,3.0
-0.9497,0.0842,0.1553,19.9432,45.1355,-6.5918,2024-02-12 15:41:47.215,3.0
-1.0769,0.0991,0.3706,24.4751,67.4057,-3.1357,2024-02-12 15:41:47.239,3.0
-1.1833,0.1411,0.3396,35.5606,60.173,0.946,2024-02-12 15:41:47.254,3.0
-1.3484,0.1091,0.21,37.3459,77.2095,4.1275,2024-02-12 15:41:47.270,3.0
-1.5842,0.2297,0.2708,43.5181,61.7142,22.789,2024-02-12 15:41:47.294,3.0
-1.4475,0.3706,-0.2917,37.117,32.1198,46.4096,2024-02-12 15:41:47.302,3.0
-1.3328,0.5076,-0.5112,7.2327,4.1656,60.2264,2024-02-12 15:41:47.326,3.0
-1.1797,0.3618,-0.4827,-11.7035,-9.8877,72.9828,2024-02-12 15:41:47.351,3.0
-0.8696,-0.0474,-0.3855,-29.129,-38.2462,64.1098,2024-02-12 15:41:47.359,3.0
-0.553,-0.3064,0.0085,-28.801,-80.2841,31.7535,2024-02-12 15:41:47.375,3.0
-0.4321,-0.2026,0.4119,-5.8289,-79.1397,2.243,2024-02-12 15:41:47.391,3.0
-0.3987,-0.0586,0.3616,15.2817,-24.3301,-25.7721,2024-02-12 15:41:47.409,3.0
-0.6414,0.0271,-0.1028,15.2206,54.1229,-52.3148,2024-02-12 15:41:47.434,3.0
-1.0447,-0.0251,-0.2048,-0.3128,73.9899,-61.4243,2024-02-12 15:41:47.451,3.0
-1.3594,-0.1008,-0.0764,-10.9634,27.1072,-45.8527,2024-02-12 15:41:47.469,3.0
-1.207,-0.135,-0.0222,-16.8457,-59.7992,-39.1846,2024-02-12 15:41:47.485,3.0
-0.9119,-0.0488,-0.0281,-23.407,-118.2938,-35.2859,2024-02-12 15:41:47.501,3.0
-0.5559,0.0437,-0.0286,-30.6168,-135.2997,-35.9344,2024-02-12 15:41:47.518,3.0
-0.2949,0.0764,-0.1272,-45.1889,-120.9717,-43.9377,2024-02-12 15:41:47.542,3.0
-0.2036,0.0054,-0.0981,-60.5316,-85.7162,-50.8499,2024-02-12 15:41:47.559,3.0
-0.3274,-0.0334,0.0701,-67.3904,-35.0723,-49.5377,2024-02-12 15:41:47.575,3.0
-0.5742,-0.0461,0.1177,-68.8171,21.3699,-36.9797,2024-02-12 15:41:47.591,3.0
-0.6946,-0.0332,0.116,-73.7305,55.0919,-25.2304,2024-02-12 15:41:47.616,3.0
-0.7793,-0.0837,0.1968,-76.088,49.263,-15.1062,2024-02-12 15:41:47.632,3.0
-0.8032,-0.1492,0.2939,-68.8019,29.1748,-1.1597,2024-02-12 15:41:47.649,3.0
-0.7903,-0.2422,0.3669,-55.0156,12.4054,15.77,2024-02-12 15:41:47.674,3.0
-0.7244,-0.2437,0.4546,-41.2445,0.9537,27.3438,2024-02-12 15:41:47.683,3.0
-0.7,-0.2637,0.4875,-26.0773,-7.5989,31.0364,2024-02-12 15:41:47.699,3.0
-0.7039,-0.3325,0.3359,-12.4893,-16.7923,30.838,2024-02-12 15:41:47.715,3.0
-0.719,-0.3652,0.2769,-1.4267,-17.3492,24.4064,2024-02-12 15:41:47.740,3.0
-0.7898,-0.313,0.2842,9.5978,-8.2932,12.97,2024-02-12 15:41:47.757,3.0
-0.8767,-0.1306,0.1433,13.3896,7.4921,4.0131,2024-02-12 15:41:47.773,3.0
-0.9155,0.0098,0.1111,12.3672,17.5858,-8.9417,2024-02-12 15:41:47.789,3.0
-0.9678,-0.0083,0.2712,6.1417,18.5394,-23.0713,2024-02-12 15:41:47.813,3.0
-1.0295,-0.0334,0.4641,3.1204,15.5182,-24.7269,2024-02-12 15:41:47.829,3.0
-1.0002,0.032,0.4998,-0.267,6.9351,-20.6299,2024-02-12 15:41:47.853,3.0
-0.9417,-0.0847,0.4351,-12.7411,8.2016,-19.7983,2024-02-12 15:41:47.862,3.0
-1.0161,-0.1094,0.4006,-24.5209,29.3121,-40.0085,2024-02-12 15:41:47.887,3.0
-1.1633,-0.3977,0.2419,-27.1683,34.6985,-56.3812,2024-02-12 15:41:47.944,3.0
-1.2766,-0.5137,0.2686,-7.8506,30.0522,-58.9523,2024-02-12 15:41:47.960,3.0
-1.3608,-0.4744,0.0813,20.1111,6.1188,-51.3687,2024-02-12 15:41:48.001,3.0
-1.1292,-0.3979,-0.2117,24.5667,-30.4642,-34.9121,2024-02-12 15:41:48.001,3.0
-0.8958,-0.2026,-0.2793,6.7139,-65.2618,-16.571,2024-02-12 15:41:48.001,3.0
-0.6558,-0.0735,-0.2546,-8.8577,-69.0689,3.8452,2024-02-12 15:41:48.009,3.0
-0.4917,0.0601,-0.2581,-20.9808,-43.8843,17.8986,2024-02-12 15:41:48.009,3.0
-0.4529,0.1633,-0.0986,-31.25,13.1989,14.5645,2024-02-12 15:41:48.026,3.0
-0.7363,0.1787,0.1343,-32.0129,72.464,6.1417,2024-02-12 15:41:48.042,3.0
-1.1042,-0.0012,0.1289,-21.7056,97.0154,10.7269,2024-02-12 15:41:48.066,3.0
-1.2764,-0.1047,0.0278,-20.7214,66.6809,22.5677,2024-02-12 15:41:48.082,3.0
-1.2478,-0.2329,0.0767,-17.4179,14.1068,34.9426,2024-02-12 15:41:48.098,3.0
-1.0935,-0.3308,0.0652,-10.7498,-17.6544,47.493,2024-02-12 15:41:48.114,3.0
-0.8362,-0.3274,0.1265,1.2589,-27.6184,50.9109,2024-02-12 15:41:48.131,3.0
-0.6956,-0.25,0.1433,14.2365,-23.6435,51.4297,2024-02-12 15:41:48.151,3.0
-0.6255,-0.1643,0.1133,21.1945,-8.4457,47.8134,2024-02-12 15:41:48.176,3.0
-0.6443,-0.0925,0.1355,27.1072,0.9689,45.3339,2024-02-12 15:41:48.192,3.0
-0.658,-0.0283,0.1602,33.4091,0.2899,43.8995,2024-02-12 15:41:48.208,3.0
-0.6079,0.0278,0.136,35.2478,-7.2784,39.6805,2024-02-12 15:41:48.225,3.0
-0.5042,0.0547,0.1345,34.2255,-10.4446,30.9296,2024-02-12 15:41:48.246,3.0
-0.406,0.0842,0.1738,34.9655,-4.3411,17.6468,2024-02-12 15:41:48.260,3.0
-0.3708,0.063,0.2021,34.5306,7.2937,4.6463,2024-02-12 15:41:48.277,3.0
-0.3875,0.071,0.3027,34.7443,27.1759,-7.6904,2024-02-12 15:41:48.302,3.0
-0.4788,0.1145,0.3979,37.117,41.5039,-19.2719,2024-02-12 15:41:48.318,3.0
-0.6748,0.1062,0.3884,36.972,45.3644,-27.832,2024-02-12 15:41:48.334,3.0
-0.8838,0.0808,0.2927,37.0483,34.2407,-25.6729,2024-02-12 15:41:48.377,3.0
-0.8889,-0.0232,-0.0374,28.4119,5.6076,-13.4354,2024-02-12 15:41:48.385,3.0
-0.8459,0.0381,-0.1238,9.903,1.7929,-6.752,2024-02-12 15:41:48.385,3.0
-0.9895,0.0403,0.1152,5.043,46.73,-2.6627,2024-02-12 15:41:48.403,3.0
-1.1187,0.0908,0.2891,15.5258,79.7958,7.8506,2024-02-12 15:41:48.420,3.0
-1.103,0.0178,0.3699,23.5367,60.6003,10.3073,2024-02-12 15:41:48.444,3.0
-1.071,0.0181,0.4197,28.4729,42.1677,2.2125,2024-02-12 15:41:48.451,3.0
-1.1396,0.1145,0.2068,43.0984,55.9464,3.7384,2024-02-12 15:41:48.475,3.0
-1.4424,0.0886,0.1213,39.4745,88.829,3.006,2024-02-12 15:41:48.492,3.0
-1.489,0.3003,-0.2007,33.5922,60.1654,30.2811,2024-02-12 15:41:48.508,3.0
-1.2292,0.3911,-0.5259,1.77,1.358,36.9415,2024-02-12 15:41:48.542,3.0
-1.1404,0.3079,-0.3804,-19.5389,-33.0353,42.9306,2024-02-12 15:41:48.550,3.0
-0.8823,0.1311,-0.3684,-24.5514,-41.4963,49.9878,2024-02-12 15:41:48.568,3.0
-0.6077,-0.1177,-0.271,-24.7269,-56.5796,37.8342,2024-02-12 15:41:48.584,3.0
-0.5171,-0.2549,-0.1206,-20.7443,-48.0499,16.5787,2024-02-12 15:41:48.601,3.0
-0.5886,-0.282,0.0847,-4.8447,-2.9831,-5.0049,2024-02-12 15:41:48.617,3.0
-0.7424,-0.3079,0.1277,11.2,36.1557,-25.7797,2024-02-12 15:41:48.633,3.0
-1.0527,-0.2566,-0.1428,17.662,55.4428,-39.5813,2024-02-12 15:41:48.651,3.0
-1.2351,-0.2102,-0.1533,8.812,22.8729,-36.7737,2024-02-12 15:41:48.676,3.0
-1.1636,-0.189,0.0371,12.3749,-55.3436,-31.0974,2024-02-12 15:41:48.693,3.0
-0.9326,-0.073,-0.0454,13.5269,-106.8726,-28.8925,2024-02-12 15:41:48.709,3.0
-0.6055,0.0046,-0.0815,9.758,-100.3723,-32.7148,2024-02-12 15:41:48.734,3.0
-0.3813,0.0288,-0.0176,6.3858,-81.1691,-39.3066,2024-02-12 15:41:48.751,3.0
-0.3496,-0.0144,0.0366,1.1749,-46.9818,-45.2576,2024-02-12 15:41:48.767,3.0
-0.4539,-0.1033,0.1218,-3.3798,-10.231,-43.4799,2024-02-12 15:41:48.783,3.0
-0.5198,-0.1699,0.1177,-3.3951,1.0071,-37.5137,2024-02-12 15:41:48.799,3.0
-0.6755,-0.1631,0.1904,-2.8534,-4.8294,-28.3051,2024-02-12 15:41:48.815,3.0
-0.6667,-0.1255,0.1633,-0.5646,-13.6719,-18.7531,2024-02-12 15:41:48.832,3.0
-0.6135,-0.0857,0.1448,-0.2594,-15.152,-8.6899,2024-02-12 15:41:48.857,3.0
-0.5432,-0.0652,0.1418,-2.3575,-3.4027,0.1373,2024-02-12 15:41:48.873,3.0
-0.5374,-0.0518,0.1882,-6.6681,15.8157,7.7972,2024-02-12 15:41:48.890,3.0
-0.6177,-0.0264,0.2778,-7.9422,32.3486,17.5018,2024-02-12 15:41:48.907,3.0
-0.7546,-0.1008,0.2744,-3.2349,35.2783,29.1138,2024-02-12 15:41:48.931,3.0
-0.853,-0.156,0.2166,1.091,23.3536,31.601,2024-02-12 15:41:48.940,3.0
-0.9006,-0.0867,0.0554,-10.3912,5.6992,20.7138,2024-02-12 15:41:48.964,3.0
-0.9561,0.0466,0.0652,-17.3416,9.0027,7.4158,2024-02-12 15:41:48.981,3.0
-1.022,0.1042,0.0688,-18.7683,20.9579,-13.1683,2024-02-12 15:41:48.997,3.0
-1.0613,-0.031,0.2058,-25.9552,12.7869,-33.3328,2024-02-12 15:41:49.022,3.0
-1.1155,-0.0195,0.3955,-28.3585,6.073,-34.4467,2024-02-12 15:41:49.030,3.0
-1.1008,0.0737,0.4309,-29.1519,9.4681,-23.5977,2024-02-12 15:41:49.070,3.0
-0.918,-0.1243,0.1523,-44.1895,6.4087,-18.6005,2024-02-12 15:41:49.070,3.0
-0.9683,-0.3174,0.2961,-62.0346,32.0969,-44.3268,2024-02-12 15:41:49.087,3.0
-1.4976,-0.231,0.4407,-26.7487,35.2173,-43.8385,2024-02-12 15:41:49.103,3.0
-1.1956,-0.6033,-0.0396,-2.449,3.334,-12.7258,2024-02-12 15:41:49.127,3.0
-1.0347,-0.5671,-0.1846,8.2779,-19.9127,-12.4283,2024-02-12 15:41:49.143,3.0
-0.824,-0.5784,-0.1843,9.4757,-31.2881,-7.7744,2024-02-12 15:41:49.159,3.0
-0.606,-0.3701,-0.1846,9.7656,-22.4304,-8.4305,2024-02-12 15:41:49.175,3.0
-0.6614,-0.083,-0.1738,-1.1063,4.3259,0.0916,2024-02-12 15:41:49.192,3.0
-0.832,0.1169,-0.0256,-13.71,45.6772,10.7193,2024-02-12 15:41:49.217,3.0
-1.0828,0.2266,0.0232,-11.8103,65.0253,21.9193,2024-02-12 15:41:49.242,3.0
-1.2559,0.1462,-0.0979,-11.8866,53.6423,32.9285,2024-02-12 15:41:49.250,3.0
-1.2197,-0.0359,-0.1333,-17.3416,3.7994,42.1143,2024-02-12 15:41:49.266,3.0
-1.1013,-0.1475,0.0586,-16.1896,-44.7998,49.5682,2024-02-12 15:41:49.284,3.0
-0.9697,-0.2192,0.1484,-7.1869,-63.8351,56.4804,2024-02-12 15:41:49.308,3.0
-0.6279,-0.2397,0.0247,0.3357,-60.8749,61.1115,2024-02-12 15:41:49.324,3.0
-0.377,-0.2256,0.0718,8.0261,-49.1409,56.366,2024-02-12 15:41:49.341,3.0
-0.3472,-0.1489,0.1633,15.7547,-32.9514,46.0739,2024-02-12 15:41:49.366,3.0
-0.4119,-0.0564,0.2341,23.6053,-13.7405,37.7197,2024-02-12 15:41:49.374,3.0
-0.425,0.0376,0.2029,28.6026,3.3875,27.7939,2024-02-12 15:41:49.398,3.0
-0.5715,0.1433,0.2134,27.2217,12.207,20.5765,2024-02-12 15:41:49.415,3.0
-0.52,0.2336,0.1104,21.431,12.3215,17.7689,2024-02-12 15:41:49.431,3.0
-0.6406,0.2659,0.2649,17.5247,1.3275,17.0593,2024-02-12 15:41:49.448,3.0
-0.5952,0.2925,0.2322,15.0604,-8.6441,13.8016,2024-02-12 15:41:49.464,3.0
-0.5862,0.2429,0.1531,8.4152,-15.007,9.4833,2024-02-12 15:41:49.480,3.0
-0.5735,0.1577,0.1023,-0.8621,-18.5623,6.9122,2024-02-12 15:41:49.499,3.0
-0.6118,0.147,0.2039,3.0289,-5.7068,4.8523,2024-02-12 15:41:49.565,3.0
-0.6155,0.1277,0.2017,10.2921,18.7607,2.3117,2024-02-12 15:41:49.565,3.0
-0.5872,0.0173,0.0857,7.6828,35.4156,-5.1041,2024-02-12 15:41:49.565,3.0
-0.7827,0.043,0.1089,9.8343,71.6782,-8.3313,2024-02-12 15:41:49.573,3.0
-1.0398,0.1902,0.2588,25.5661,122.7646,-1.6708,2024-02-12 15:41:49.597,3.0
-1.0916,0.2126,0.1497,29.2969,117.2791,-2.9144,2024-02-12 15:41:49.613,3.0
-1.2996,0.3369,-0.1414,30.0369,111.8393,-4.1046,2024-02-12 15:41:49.629,3.0
-1.7656,0.1448,-0.1741,11.2381,153.801,4.4556,2024-02-12 15:41:49.645,3.0
-1.655,0.1958,-0.3831,5.8899,94.5969,39.6652,2024-02-12 15:41:49.662,3.0
-1.4939,0.3364,-0.791,-22.1939,-23.819,46.3943,2024-02-12 15:41:49.679,3.0
-1.1223,0.2766,-0.5305,-56.5109,-148.1705,22.7432,2024-02-12 15:41:49.703,3.0
-0.5698,0.0535,0.022,-59.4482,-196.5027,11.116,2024-02-12 15:41:49.720,3.0
-0.2788,0.0239,0.1313,-31.7001,-138.4964,-7.164,2024-02-12 15:41:49.736,3.0
-0.2791,-0.0298,0.1824,-15.8234,-43.0679,-29.6402,2024-02-12 15:41:49.752,3.0
-0.541,-0.1926,0.1689,-6.073,31.0974,-54.39,2024-02-12 15:41:49.776,3.0
-1.052,-0.2856,-0.1062,-0.9689,91.2781,-60.2264,2024-02-12 15:41:49.784,3.0
-1.2185,-0.3066,-0.0305,3.2883,77.5299,-50.827,2024-02-12 15:41:49.808,3.0
-1.2354,-0.1792,0.0552,23.819,-13.2141,-51.5289,2024-02-12 15:41:49.825,3.0
-1.1362,-0.0256,-0.0813,17.2501,-101.1276,-43.19,2024-02-12 15:41:49.849,3.0
-0.8018,-0.0403,-0.0085,6.4011,-124.7559,-42.7704,2024-02-12 15:41:49.866,3.0
-0.5691,-0.106,0.0552,6.5384,-103.3401,-45.5246,2024-02-12 15:41:49.882,3.0
-0.4321,-0.123,0.04,4.2267,-63.7207,-49.118,2024-02-12 15:41:49.899,3.0
-0.4192,-0.1538,0.0337,-2.2507,-31.8298,-50.0717,2024-02-12 15:41:49.917,3.0
-0.5059,-0.1597,0.0974,-7.4387,-16.9144,-46.5698,2024-02-12 15:41:49.933,3.0
-0.5984,-0.114,0.1057,-14.2059,-14.9155,-35.4691,2024-02-12 15:41:49.950,3.0
-0.6204,-0.0852,0.1172,-20.9579,-17.3187,-20.6299,2024-02-12 15:41:49.983,3.0
-0.5791,-0.0667,0.1992,-24.1394,-16.7694,-5.6763,2024-02-12 15:41:49.991,3.0
-0.5112,-0.0803,0.2957,-25.528,-13.1531,7.6675,2024-02-12 15:41:50.050,3.0
-0.4817,-0.0789,0.3716,-25.7797,-6.9809,15.8844,2024-02-12 15:41:50.059,3.0
-0.5059,-0.0984,0.314,-23.9105,2.9449,21.3623,2024-02-12 15:41:50.059,3.0
-0.5269,-0.1907,0.1333,-24.9786,14.6103,24.7574,2024-02-12 15:41:50.059,3.0
-0.5688,-0.271,-0.0706,-32.3105,36.7279,21.2555,2024-02-12 15:41:50.075,3.0
-0.7324,-0.05,-0.0103,-45.0592,71.5485,11.9781,2024-02-12 15:41:50.118,3.0
-0.8701,0.1465,0.1941,-54.8477,80.8868,-3.6774,2024-02-12 15:41:50.118,3.0
-1.021,0.116,0.3945,-61.4777,84.9533,-26.947,2024-02-12 15:41:50.127,3.0
-1.1335,-0.219,0.416,-66.6656,66.4062,-36.0947,2024-02-12 15:41:50.184,3.0
-1.1775,-0.3469,0.4375,-63.6597,29.6707,-28.9459,2024-02-12 15:41:50.201,3.0
-0.9941,-0.4663,0.1904,-54.1306,8.2397,-16.1743,2024-02-12 15:41:50.201,3.0
-0.8872,-0.6416,-0.071,-54.5502,57.6248,-37.323,2024-02-12 15:41:50.209,3.0
-1.2092,-0.3691,0.3406,-36.4685,95.1614,-75.1953,2024-02-12 15:41:50.209,3.0
-1.5725,-0.7009,0.0942,-7.2327,65.8722,-78.9642,2024-02-12 15:41:50.234,3.0
-1.6145,-0.7742,0.0063,34.4772,-0.1297,-53.8712,2024-02-12 15:41:50.242,3.0
-1.3188,-0.6204,-0.2441,41.5497,-65.7196,-24.9786,2024-02-12 15:41:50.258,3.0
-0.8247,-0.4551,-0.0654,37.0178,-97.1527,-9.2087,2024-02-12 15:41:50.274,3.0
-0.6548,-0.1919,-0.1526,32.8522,-72.9065,11.3525,2024-02-12 15:41:50.298,3.0
-0.627,0.1191,-0.2078,13.6337,-14.6332,17.7231,2024-02-12 15:41:50.307,3.0
-0.9265,0.0891,-0.0464,4.6921,30.2582,19.4702,2024-02-12 15:41:50.331,3.0
-1.1633,0.0796,-0.1038,1.7624,63.2782,12.1384,2024-02-12 15:41:50.348,3.0
-1.4678,0.0876,-0.0793,-7.9803,38.063,17.4026,2024-02-12 15:41:50.364,3.0
-1.4331,0.001,-0.0525,-12.0926,-22.8882,36.6821,2024-02-12 15:41:50.405,3.0
-1.1001,-0.0596,-0.0005,-8.4839,-82.0923,50.5295,2024-02-12 15:41:50.405,3.0
-0.8491,-0.0466,0.0688,-4.1122,-96.817,54.9774,2024-02-12 15:41:50.446,3.0
-0.6062,-0.0586,0.0625,3.3112,-77.1332,56.3965,2024-02-12 15:41:50.470,3.0
-0.4651,-0.0657,0.0593,5.722,-53.9551,54.4128,2024-02-12 15:41:50.470,3.0
-0.377,-0.0588,0.1265,9.285,-37.7731,50.3769,2024-02-12 15:41:50.479,3.0
-0.3296,-0.0688,0.1716,15.2206,-28.0075,41.3208,2024-02-12 15:41:50.495,3.0
-0.3381,-0.0344,0.1577,22.2702,-18.0359,30.3421,2024-02-12 15:41:50.511,3.0
-0.3022,0.0447,0.1675,22.789,-1.9379,18.1351,2024-02-12 15:41:50.535,3.0
-0.3057,0.1487,0.1943,22.789,19.6686,6.0806,2024-02-12 15:41:50.551,3.0
-0.3755,0.1863,0.1951,20.8282,39.8941,-4.837,2024-02-12 15:41:50.567,3.0
-0.4907,0.2024,0.2402,18.9133,45.3796,-12.764,2024-02-12 15:41:50.583,3.0
-0.6101,0.2041,0.2312,17.3721,38.8718,-17.1661,2024-02-12 15:41:50.600,3.0
-0.7271,0.1853,0.126,14.4577,35.141,-19.0353,2024-02-12 15:41:50.625,3.0
-0.8464,0.1785,0.052,8.8882,36.9568,-17.6392,2024-02-12 15:41:50.649,3.0
-0.95,0.0574,0.0737,3.2578,23.8876,-14.9307,2024-02-12 15:41:50.666,3.0
-1.0361,-0.1133,0.1765,5.5771,21.3623,-9.1324,2024-02-12 15:41:50.674,3.0
-1.1509,-0.1646,0.3687,17.5552,42.1677,-2.5864,2024-02-12 15:41:50.690,3.0
-1.2034,-0.114,0.342,34.05,52.3911,1.3199,2024-02-12 15:41:50.715,3.0
-1.1987,-0.0022,0.3455,43.7775,23.6664,3.4866,2024-02-12 15:41:50.731,3.0
-1.0642,0.2017,0.3284,49.7894,-19.6152,6.2561,2024-02-12 15:41:50.746,3.0
-0.8748,0.2905,0.3323,50.8804,-31.3644,2.1439,2024-02-12 15:41:50.770,3.0
-0.7751,0.365,-0.2302,46.2265,-2.4414,-0.1984,2024-02-12 15:41:50.779,3.0
-1.199,0.3,-0.2136,12.001,67.688,-3.273,2024-02-12 15:41:50.828,3.0
-1.3647,0.5747,-0.166,-1.3199,27.0462,15.9912,2024-02-12 15:41:50.828,3.0
-1.144,0.499,-0.416,-19.3024,-31.3034,36.6516,2024-02-12 15:41:50.836,3.0
-0.7444,0.1733,-0.312,-46.2265,-65.5289,37.4069,2024-02-12 15:41:50.852,3.0
-0.5083,-0.0117,-0.1389,-53.6575,-46.8445,21.9421,2024-02-12 15:41:50.876,3.0
-0.6182,-0.0671,-0.0603,-43.8995,17.1585,5.0583,2024-02-12 15:41:50.892,3.0
-0.9072,-0.0942,-0.0505,-35.965,70.4498,-13.1226,2024-02-12 15:41:50.908,3.0
-1.3074,-0.1389,-0.1316,-33.4854,74.6307,-22.2778,2024-02-12 15:41:50.925,3.0
-1.5176,-0.2314,-0.0771,-31.8832,42.9993,-21.3852,2024-02-12 15:41:50.950,3.0
-1.4834,-0.2756,0.0195,-25.589,-28.2974,-27.6108,2024-02-12 15:41:50.961,3.0
-1.2393,-0.2317,-0.01,-27.1454,-110.3363,-24.8413,2024-02-12 15:41:50.993,3.0
-0.8716,-0.1555,0.0581,-31.2424,-144.3634,-23.5825,2024-02-12 15:41:51.541,3.0
-0.5435,-0.0334,0.0437,-35.4691,-134.1019,-25.0473,2024-02-12 15:41:51.541,3.0
-0.3567,0.0559,0.021,-43.0069,-92.1631,-27.3514,2024-02-12 15:41:52.980,3.0
-0.2148,0.1301,-0.0183,-50.1633,-52.2614,-31.4865,2024-02-12 15:41:52.980,3.0
-0.2007,0.1538,0.0103,-57.0984,-22.6517,-33.8669,2024-02-12 15:41:52.980,3.0
-0.3154,0.0515,0.1118,-59.4101,-2.8152,-29.48,2024-02-12 15:41:52.980,3.0
-0.4639,-0.1191,0.2295,-55.5725,12.3749,-17.2501,2024-02-12 15:41:52.980,3.0
-0.5334,-0.2996,0.3042,-48.645,22.4762,-5.2032,2024-02-12 15:41:52.980,3.0
-0.5588,-0.4109,0.3384,-39.3906,25.8865,3.4943,2024-02-12 15:41:52.980,3.0
-0.3105,0.1477,0.1367,17.9672,-10.0555,10.7498,2024-02-12 15:41:52.988,3.0
-0.3518,0.1907,0.1853,11.795,0.824,0.9613,2024-02-12 15:41:52.996,3.0
-0.8625,0.0042,0.0247,0.2594,-21.3547,-9.8877,2024-02-12 15:41:53.013,3.0
-0.7637,0.0771,-0.1665,-11.8484,-16.0522,-3.9978,2024-02-12 15:41:53.030,3.0
-0.7881,-0.0476,-0.0293,-21.019,29.6097,-4.0283,2024-02-12 15:41:53.047,3.0
-0.9878,0.0068,0.2771,-13.1531,71.8613,-2.0676,2024-02-12 15:41:53.063,3.0
-1.1069,-0.0898,0.3691,1.5335,78.804,-0.1221,2024-02-12 15:41:53.087,3.0
-1.1816,0.0005,0.2312,17.8146,71.8613,4.6616,2024-02-12 15:41:53.103,3.0
-1.3682,-0.0142,0.0916,21.3928,91.9418,12.3596,2024-02-12 15:41:53.119,3.0
-1.5872,0.1292,0.0156,19.6762,80.452,27.3895,2024-02-12 15:41:53.136,3.0
-1.4758,0.3535,-0.4709,-0.9995,28.8467,54.0619,2024-02-12 15:41:53.161,3.0
-1.3098,0.5176,-0.6006,-27.0309,-6.1951,60.8749,2024-02-12 15:41:53.171,3.0
-1.1084,0.2805,-0.5251,-45.7153,-35.2249,60.257,2024-02-12 15:41:53.196,3.0
-0.8501,-0.0688,-0.2908,-50.2396,-77.6367,49.4614,2024-02-12 15:41:53.212,3.0
-0.4387,-0.3262,-0.0503,-40.9012,-115.8295,28.5721,2024-02-12 15:41:53.262,3.0
-0.2212,-0.3777,-0.0066,-28.5339,-95.9473,-6.2485,2024-02-12 15:41:53.262,3.0
-0.3704,-0.3208,-0.0017,-12.9547,-20.8817,-30.3116,2024-02-12 15:41:53.262,3.0
-0.7241,-0.2493,0.0193,-1.5945,51.0178,-38.9557,2024-02-12 15:41:53.279,3.0
-1.0488,-0.0332,-0.2964,0.6638,66.7496,-28.8544,2024-02-12 15:41:53.303,3.0
-1.1306,0.0278,-0.4246,-19.928,18.0283,-20.7748,2024-02-12 15:41:53.319,3.0
-1.0171,-0.0071,-0.1179,-34.6909,-56.2668,-34.5688,2024-02-12 15:41:53.335,3.0
-0.915,0.0105,-0.0522,-29.6478,-73.3566,-37.529,2024-02-12 15:41:53.351,3.0
-0.6414,0.0515,-0.1023,-30.1132,-60.6155,-39.3372,2024-02-12 15:41:53.383,3.0
-0.4875,0.0168,-0.1509,-36.6745,-44.548,-47.821,2024-02-12 15:41:53.391,3.0
-0.5327,-0.1013,-0.0754,-44.6701,-17.1661,-54.3442,2024-02-12 15:41:53.415,3.0
-0.635,-0.1614,0.0159,-47.2565,6.2714,-52.9251,2024-02-12 15:41:53.432,3.0
-0.7632,-0.1523,0.0996,-46.6156,10.994,-48.7595,2024-02-12 15:41:53.440,3.0
-0.7925,-0.114,0.1016,-44.6625,-5.8212,-39.6957,2024-02-12 15:41:53.473,3.0
-0.7603,-0.0859,0.0803,-44.5251,-23.7045,-28.8315,2024-02-12 15:41:53.482,3.0
-0.627,-0.0737,0.062,-47.8592,-29.9683,-16.0294,2024-02-12 15:41:53.490,3.0
-0.5232,-0.0725,0.063,-52.8564,-15.0757,-5.7526,2024-02-12 15:41:53.514,3.0
-0.5303,-0.0969,0.158,-57.457,8.4763,5.6458,2024-02-12 15:41:53.538,3.0
-0.5752,-0.0962,0.2061,-57.2433,23.5901,17.2577,2024-02-12 15:41:53.554,3.0
-0.6335,-0.1187,0.23,-57.0297,29.1672,24.3683,2024-02-12 15:41:53.571,3.0
-0.7502,-0.2141,0.2622,-59.3262,38.2996,23.8876,2024-02-12 15:41:53.590,3.0
-0.9443,-0.217,0.3762,-51.0178,33.1879,15.4877,2024-02-12 15:41:53.607,3.0
-0.9534,-0.228,0.0698,-36.4227,24.6582,-0.5951,2024-02-12 15:41:53.623,3.0
-0.9597,0.0383,0.0403,-39.36,11.5204,-12.8174,2024-02-12 15:41:53.639,3.0
-1.0469,-0.0154,0.2761,-44.4412,-0.3204,-31.0516,2024-02-12 15:41:53.655,3.0
-1.0469,-0.1877,0.3235,-51.8036,-18.425,-25.1541,2024-02-12 15:41:53.682,3.0
-0.8667,-0.2825,0.1335,-56.694,-20.9045,-14.8468,2024-02-12 15:41:53.690,3.0
-0.9646,-0.2288,0.1125,-65.0787,33.1116,-20.8969,2024-02-12 15:41:53.706,3.0
-1.1814,-0.3555,0.064,-53.9474,62.912,-38.8107,2024-02-12 15:41:53.731,3.0
-1.3286,-0.6838,-0.2087,-31.8222,46.3409,-38.002,2024-02-12 15:41:53.748,3.0
-1.1724,-0.5388,-0.3921,-9.2392,-2.449,-45.0897,2024-02-12 15:41:53.790,3.0
-1.105,-0.3867,-0.304,-16.2811,-32.8674,-56.2057,2024-02-12 15:41:53.790,3.0
-1.0444,-0.0759,-0.1956,-30.2887,-62.9349,-42.4118,2024-02-12 15:41:53.798,3.0
-0.8801,0.1685,-0.0642,-40.5426,-73.4177,-3.1357,2024-02-12 15:41:53.823,3.0
-0.6904,0.2571,-0.1328,-36.9797,-48.1262,19.1422,2024-02-12 15:41:53.840,3.0
-0.6687,0.2747,-0.2036,-42.3355,7.6599,25.4593,2024-02-12 15:41:53.856,3.0
-0.7842,0.1379,-0.1536,-48.2864,49.3088,21.1411,2024-02-12 15:41:53.872,3.0
-1.0461,-0.1135,0.0312,-45.7993,56.4117,23.9105,2024-02-12 15:41:53.896,3.0
-1.1326,-0.2046,0.156,-35.7056,10.3989,33.0429,2024-02-12 15:41:53.913,3.0
-0.9675,-0.2314,0.0364,-29.1443,-41.2827,41.2369,2024-02-12 15:41:53.929,3.0
-0.7527,-0.2087,0.0508,-19.0582,-50.0412,47.6761,2024-02-12 15:41:53.946,3.0
-0.5583,-0.1538,0.0056,-9.7504,-27.9541,47.4548,2024-02-12 15:41:53.962,3.0
-0.519,-0.0769,0.0725,0.2975,0.8392,43.4189,2024-02-12 15:41:53.986,3.0
-0.5525,-0.0503,0.0935,8.2855,10.8871,40.1611,2024-02-12 15:41:53.997,3.0
-0.6018,-0.0481,0.1179,16.4108,9.6893,35.9344,2024-02-12 15:41:54.021,3.0
-0.6167,-0.033,0.1274,25.8331,10.3531,30.9982,2024-02-12 15:41:54.047,3.0
-0.6047,-0.0164,0.1086,33.7601,15.0528,25.9781,2024-02-12 15:41:54.055,3.0
-0.6123,0.0078,0.0613,40.5807,21.7896,17.9749,2024-02-12 15:41:54.072,3.0
-0.6143,0.0142,0.0562,41.9312,21.7972,8.8882,2024-02-12 15:41:54.097,3.0
-0.6162,0.0161,0.0688,39.505,16.3879,-1.1597,2024-02-12 15:41:54.105,3.0
-0.6736,0.0164,0.2048,38.5284,10.6506,-9.3689,2024-02-12 15:41:54.121,3.0
-0.759,0.0217,0.2603,41.3437,8.606,-12.3367,2024-02-12 15:41:54.146,3.0
-0.8594,0.0527,0.2058,41.4429,7.9269,-11.3144,2024-02-12 15:41:54.162,3.0
-0.9502,0.0737,0.0967,36.9034,2.4567,-6.1874,2024-02-12 15:41:54.178,3.0
-0.9177,0.0718,-0.0103,31.6238,-8.4915,3.54,2024-02-12 15:41:54.203,3.0
-0.8743,0.0654,-0.0378,30.0217,-0.6714,9.9182,2024-02-12 15:41:54.211,3.0
-0.8674,-0.0525,0.0132,33.6456,24.826,11.795,2024-02-12 15:41:54.227,3.0
-0.9749,-0.1013,0.1465,45.4788,43.8843,15.7166,2024-02-12 15:41:54.251,3.0
-1.0718,-0.1768,0.3486,56.3812,46.8521,16.4719,2024-02-12 15:41:54.268,3.0
-1.1619,-0.2427,0.4561,75.5157,30.5176,10.5515,2024-02-12 15:41:54.284,3.0
-1.116,-0.0239,0.3276,91.9495,3.4409,12.3291,2024-02-12 15:41:54.308,3.0
-1.094,0.1958,0.0703,96.2448,1.5945,8.5983,2024-02-12 15:41:54.324,3.0
-1.4092,0.3284,-0.1157,84.2209,13.8245,17.8833,2024-02-12 15:41:54.348,3.0
-1.406,0.4956,-0.4294,63.8885,2.8381,43.9835,2024-02-12 15:41:54.356,3.0
-1.2844,0.4385,-0.5925,32.9971,-30.3726,55.4657,2024-02-12 15:41:54.373,3.0
-1.0376,0.2646,-0.7019,9.3307,-67.0929,69.8624,2024-02-12 15:41:54.389,3.0
-0.5879,-0.0579,-0.4905,-15.419,-103.6911,60.4019,2024-02-12 15:41:54.408,3.0
-0.1729,-0.2522,0.137,-9.3689,-121.1395,26.7868,2024-02-12 15:41:54.433,3.0
-0.2407,-0.2346,0.4189,33.5312,-65.9332,-10.1471,2024-02-12 15:41:54.457,3.0
-0.5076,-0.2117,0.1509,64.2776,38.4445,-37.2086,2024-02-12 15:41:54.482,3.0
-0.9033,-0.1794,-0.0542,58.96,77.7512,-50.0412,2024-02-12 15:41:54.482,3.0
-1.3496,-0.1436,-0.2844,44.4946,78.3615,-45.0134,2024-02-12 15:41:54.498,3.0
-1.2532,-0.2214,-0.1821,34.9579,-13.3362,-36.7661,2024-02-12 15:41:54.514,3.0
-1.1555,-0.0554,0.0068,39.7491,-114.2731,-38.6429,2024-02-12 15:41:54.539,3.0
-0.749,0.1194,-0.0608,36.9949,-128.6469,-30.2811,2024-02-12 15:41:54.547,3.0
-0.2856,0.1946,-0.0786,24.3607,-104.3243,-36.499,2024-02-12 15:41:54.576,3.0
-0.1516,0.1333,-0.0078,9.4376,-62.0804,-49.2401,2024-02-12 15:41:54.586,3.0
-0.3821,0.0049,0.2056,-0.3815,3.1967,-53.3447,2024-02-12 15:41:54.606,3.0
-0.5452,-0.1235,0.1982,-5.3711,44.1742,-51.6891,2024-02-12 15:41:54.623,3.0
-0.8286,-0.1499,0.2173,-6.3782,48.111,-46.4783,2024-02-12 15:41:54.655,3.0
-0.9424,-0.1309,0.178,-6.3095,11.8408,-31.1737,2024-02-12 15:41:54.663,3.0
-0.7979,-0.0896,0.1831,-5.1498,-28.3813,-12.3901,2024-02-12 15:41:54.680,3.0
-0.5916,-0.0591,0.2473,-7.8659,-32.9971,-0.5264,2024-02-12 15:41:54.696,3.0
-0.446,-0.0166,0.3462,-8.9874,-1.8158,10.1852,2024-02-12 15:41:54.713,3.0
-0.4863,0.002,0.3325,-4.8981,29.0833,16.3803,2024-02-12 15:41:54.729,3.0
-0.605,-0.1653,0.262,-0.1221,43.663,20.1263,2024-02-12 15:41:54.745,3.0
-0.8198,-0.2327,0.2146,-4.7379,49.3011,10.4599,2024-02-12 15:41:54.770,3.0
-0.9834,-0.1794,0.1521,-8.9493,48.3856,-1.1749,2024-02-12 15:41:54.778,3.0
-1.0742,-0.0078,0.1177,-0.679,35.5301,-18.1885,2024-02-12 15:41:54.803,3.0
-1.0964,-0.0698,0.2083,-10.0937,7.8201,-34.4086,2024-02-12 15:41:54.827,3.0
-1.0381,-0.1089,0.4385,-17.3569,-8.8577,-30.3116,2024-02-12 15:41:54.843,3.0
-0.8789,0.0002,0.4487,-15.3732,-0.4501,-19.2871,2024-02-12 15:41:54.860,3.0
-0.699,-0.332,0.1533,-29.7012,19.4397,-22.3083,2024-02-12 15:41:54.877,3.0
-0.9763,-0.4207,0.3154,-37.5671,54.0848,-52.5589,2024-02-12 15:41:54.900,3.0
-1.3906,-0.4167,0.2969,-22.7432,46.9055,-65.3763,2024-02-12 15:41:54.956,3.0
-1.4028,-0.6042,0.0962,-3.1815,25.0931,-56.9763,2024-02-12 15:41:54.956,3.0
-1.3745,-0.4468,-0.0271,28.6255,-20.0043,-51.8417,2024-02-12 15:41:54.956,3.0
-1.0933,-0.4871,-0.1921,26.1612,-60.0815,-41.893,2024-02-12 15:41:54.965,3.0
-0.8137,-0.1936,-0.1675,20.4697,-84.3124,-25.5737,2024-02-12 15:41:54.981,3.0
-0.5505,-0.0493,-0.2598,4.8218,-62.3779,-1.6632,2024-02-12 15:41:55.006,3.0
-0.4941,0.0227,-0.2124,-7.5073,-7.515,0.2213,2024-02-12 15:41:55.014,3.0
-0.8787,0.0806,-0.0432,-10.7956,60.6384,-2.243,2024-02-12 15:41:55.033,3.0
-1.3162,0.0383,-0.0769,-2.7008,88.4552,10.4141,2024-02-12 15:41:55.091,3.0
-1.4409,-0.0574,-0.1101,0.3281,51.033,31.6162,2024-02-12 15:41:55.091,3.0
-1.2734,-0.1003,-0.0535,-1.4801,-16.8457,47.3938,2024-02-12 15:41:55.091,3.0
-1.0195,-0.2441,-0.0396,3.7994,-52.803,53.8788,2024-02-12 15:41:55.107,3.0
-0.6736,-0.2988,-0.1333,8.9111,-49.7589,58.9294,2024-02-12 15:41:55.125,3.0
-0.5686,-0.2727,0.0747,17.8833,-24.9023,62.2101,2024-02-12 15:41:55.149,3.0
-0.502,-0.1711,0.0474,28.4195,-2.9526,60.5545,2024-02-12 15:41:55.165,3.0
-0.5823,-0.0674,0.094,34.3933,9.3536,56.7627,2024-02-12 15:41:55.181,3.0
-0.6257,-0.031,0.0842,39.8865,10.1852,52.5055,2024-02-12 15:41:55.205,3.0
-0.6206,-0.0342,0.053,43.1747,3.2578,47.2183,2024-02-12 15:41:55.213,3.0
-0.5151,0.0173,0.0815,43.2281,-7.6294,39.6423,2024-02-12 15:41:55.234,3.0
-0.4438,0.0208,0.1213,42.8848,-3.685,28.9993,2024-02-12 15:41:55.242,3.0
-0.3904,0.0193,0.1194,43.4418,12.8632,13.5422,2024-02-12 15:41:55.266,3.0
-0.4036,0.0469,0.1289,42.6254,26.8021,-0.5493,2024-02-12 15:41:55.282,3.0
-0.5007,0.092,0.1521,38.6963,36.8271,-9.491,2024-02-12 15:41:55.298,3.0
-0.5791,0.1182,0.2268,30.304,36.1404,-17.807,2024-02-12 15:41:55.314,3.0
-0.7925,0.1226,0.3645,26.0086,27.0004,-23.9258,2024-02-12 15:41:55.339,3.0
-0.9502,0.1411,0.2515,24.1776,16.4261,-21.3699,2024-02-12 15:41:55.355,3.0
-1.0339,0.1697,0.0088,12.9318,-9.4452,-7.9041,2024-02-12 15:41:55.380,3.0
-0.8999,0.1343,-0.1135,-2.655,-28.5492,2.8534,2024-02-12 15:41:55.388,3.0
-0.8228,0.0034,0.0359,-11.1465,1.6403,3.334,2024-02-12 15:41:55.404,3.0
-0.9434,-0.0361,0.2722,-3.6316,56.9077,-2.1973,2024-02-12 15:41:55.430,3.0
-1.0764,0.0432,0.4124,10.6888,69.2139,-4.9057,2024-02-12 15:41:55.447,3.0
-1.1765,0.1243,0.3682,17.9825,57.457,-2.1057,2024-02-12 15:41:55.463,3.0
-1.2698,0.1453,0.1064,23.5443,61.5768,9.1705,2024-02-12 15:41:55.488,3.0
-1.4504,0.0422,0.1045,17.746,69.1605,14.9765,2024-02-12 15:41:55.496,3.0
-1.5117,0.2385,-0.1592,15.8691,35.6903,40.741,2024-02-12 15:41:55.521,3.0
-1.197,0.4092,-0.521,-7.1869,-15.3275,53.6118,2024-02-12 15:41:55.539,3.0
-0.9993,0.2734,-0.4602,-29.4724,-53.009,57.7469,2024-02-12 15:41:55.547,3.0
-0.6453,0.1545,-0.4492,-33.165,-73.555,57.5104,2024-02-12 15:41:55.572,3.0
-0.4158,-0.1431,-0.2566,-37.4374,-74.5697,40.6418,2024-02-12 15:41:55.596,3.0
-0.3174,-0.2466,-0.0046,-27.3743,-49.8657,9.9564,2024-02-12 15:41:55.606,3.0
-0.5364,-0.2473,0.1692,-2.5406,24.0631,-16.9525,2024-02-12 15:41:55.631,3.0
-0.8582,-0.2371,0.0818,13.5651,74.2187,-35.5911,2024-02-12 15:41:55.647,3.0
-1.2817,-0.1658,-0.1978,12.8632,73.6771,-43.6783,2024-02-12 15:41:55.655,3.0
-1.3225,-0.1243,-0.2478,-1.8845,2.8229,-36.6211,2024-02-12 15:41:55.679,3.0
-1.1641,-0.0828,-0.0552,-6.218,-82.962,-36.8652,2024-02-12 15:41:55.743,3.0
-0.9304,0.0044,-0.0686,-7.0496,-113.5178,-33.7219,2024-02-12 15:41:55.743,3.0
-0.5708,0.0664,-0.1123,-14.6255,-92.7048,-35.5301,2024-02-12 15:41:55.752,3.0
-0.3875,0.0618,-0.0977,-24.0326,-61.5311,-43.3197,2024-02-12 15:41:55.752,3.0
-0.3691,0.0103,-0.0496,-36.8271,-25.0702,-53.7567,2024-02-12 15:41:55.768,0.0
-0.5188,-0.071,0.1057,-44.5023,3.9368,-56.282,2024-02-12 15:41:55.792,0.0
-0.6934,-0.0964,0.1143,-47.9736,7.8735,-46.3791,2024-02-12 15:41:55.800,0.0
-0.7817,-0.1475,0.1548,-47.4548,-7.2632,-31.9443,2024-02-12 15:41:55.824,0.0
-0.6448,-0.1497,0.1458,-46.1426,-20.6909,-19.6228,2024-02-12 15:41:56.256,0.0
-0.5391,-0.145,0.2017,-44.6548,-19.8822,-9.4147,2024-02-12 15:41:59.120,0.0
-0.4814,-0.1367,0.2305,-41.9388,-4.4556,-1.2741,2024-02-12 15:41:59.120,0.0
-0.5037,-0.137,0.2637,-38.3835,17.0441,8.1635,2024-02-12 15:41:59.120,0.0
-0.6313,-0.1267,0.3428,-30.2582,30.4718,19.7449,2024-02-12 15:41:59.128,0.0
-0.7817,-0.1074,0.3552,-16.5939,31.6238,29.7089,2024-02-12 15:41:59.128,0.0
-0.8274,-0.1624,0.2542,-12.6724,17.8604,30.9448,2024-02-12 15:41:59.128,0.0
-0.8811,-0.24,0.2437,-17.6849,0.7401,19.8212,2024-02-12 15:41:59.128,0.0
-0.9578,-0.1765,0.1423,-16.8991,-8.3618,7.1716,2024-02-12 15:41:59.136,0.0
-0.366,0.1028,0.1567,33.0887,11.3373,-1.4496,2024-02-12 15:41:59.430,0.0
-0.5146,-0.1091,-0.2705,155.5939,25.4974,54.5502,2024-02-12 15:41:59.430,0.0
-0.4707,-0.0979,-0.2649,149.7345,52.0096,40.184,2024-02-12 15:41:59.430,0.0
-0.6104,-0.0596,-0.248,145.8969,69.519,32.753,2024-02-12 15:41:59.430,0.0
-0.7661,-0.075,-0.2671,141.5939,71.2662,36.5372,2024-02-12 15:41:59.430,0.0
-0.8772,-0.1763,-0.1501,140.9149,60.5011,48.4848,2024-02-12 15:41:59.430,0.0
-0.8486,-0.3347,-0.0286,143.425,34.7519,57.8232,2024-02-12 15:41:59.454,0.0
-0.7649,-0.3955,0.0327,149.4751,19.2642,65.3,2024-02-12 15:41:59.462,0.0
-0.7571,-0.4087,0.0103,161.087,28.8315,70.7779,2024-02-12 15:41:59.479,0.0
-0.855,-0.3848,-0.2263,169.014,53.3066,73.2727,2024-02-12 15:41:59.495,0.0
-0.9565,-0.3318,-0.394,168.3273,43.2663,75.0275,2024-02-12 15:41:59.511,0.0
-0.886,-0.3318,-0.5149,167.3355,-3.5706,69.2291,2024-02-12 15:41:59.535,0.0
-0.7307,-0.2808,-0.5308,164.3829,-54.306,48.2483,2024-02-12 15:41:59.551,0.0
-0.582,0.0093,-0.3477,173.172,-64.8575,23.7427,2024-02-12 15:41:59.575,0.0
-0.6458,0.166,-0.574,179.3747,-53.6804,16.3574,2024-02-12 15:41:59.591,0.0
-0.5901,0.1472,-0.875,155.0064,-16.1972,29.0375,2024-02-12 15:41:59.607,0.0
-0.5676,0.0671,-0.6252,127.8992,14.946,27.42,2024-02-12 15:41:59.631,0.0
-0.8152,-0.0393,-0.2373,116.5848,51.9943,35.2707,2024-02-12 15:41:59.647,0.0
-1.0249,-0.1777,-0.0674,121.6965,61.0657,45.7535,2024-02-12 15:41:59.664,0.0
-1.1367,-0.2114,-0.1445,132.6447,31.8222,52.3071,2024-02-12 15:42:00.044,0.0
-1.0942,-0.0024,-0.3516,132.9346,-3.3722,57.991,2024-02-12 15:42:00.044,0.0
-0.9175,0.2437,-0.4482,120.5902,-23.674,60.0662,2024-02-12 15:42:00.044,0.0
-0.8115,0.303,-0.3928,107.5897,-23.8113,60.8368,2024-02-12 15:42:00.044,0.0
-0.7542,0.2812,-0.3037,92.2775,-15.3503,63.4613,2024-02-12 15:42:00.044,0.0
-0.6982,0.1575,-0.252,80.368,-17.7841,59.6771,2024-02-12 15:42:00.044,0.0
-0.6387,0.0291,-0.2056,71.106,-27.8473,52.5436,2024-02-12 15:42:00.044,0.0
-0.5776,-0.043,-0.2092,66.4749,-33.8669,43.5028,2024-02-12 15:42:00.044,0.0
-0.5669,-0.0762,-0.2837,63.8351,-29.5563,36.6745,2024-02-12 15:42:00.372,0.0
-0.8442,0.0269,-0.2922,-66.6199,0.7019,-13.6566,2024-02-12 15:42:00.397,0.0
-0.7747,0.0017,-0.207,-74.8901,0.4959,-15.3351,2024-02-12 15:42:00.411,0.0
-0.7551,-0.0183,-0.2024,-80.7877,9.5215,-15.2969,2024-02-12 15:42:00.427,0.0
-0.7297,-0.0269,-0.2415,-86.38,15.4419,-17.3264,2024-02-12 15:42:00.451,0.0
-0.6755,-0.0083,-0.2639,-94.6198,9.3994,-22.5143,2024-02-12 15:42:00.460,0.0
-0.647,0.0667,-0.2637,-103.0579,6.9962,-25.3906,2024-02-12 15:42:00.484,0.0
-0.6038,0.1584,-0.2856,-110.5881,14.2212,-26.0315,2024-02-12 15:42:00.492,0.0
-0.5686,0.1736,-0.2837,-117.0197,23.7885,-28.923,2024-02-12 15:42:00.517,0.0
-0.5688,0.1023,-0.2607,-121.0632,24.6735,-37.8189,2024-02-12 15:42:00.542,0.0
-0.6099,0.0093,-0.2222,-122.7798,22.934,-45.1965,2024-02-12 15:42:00.550,0.0
-0.6863,0.0024,-0.1904,-126.1215,19.371,-49.6368,2024-02-12 15:42:00.566,0.0
-0.7329,0.0225,-0.1902,-123.1461,13.9465,-51.6205,2024-02-12 15:42:00.582,0.0
-0.7744,0.03,-0.2429,-124.2371,2.1439,-55.9921,2024-02-12 15:42:00.607,0.0
-0.8472,0.0051,-0.2261,-125.0153,-13.5269,-55.0842,2024-02-12 15:42:00.624,0.0
-0.8774,-0.0874,-0.22,-123.642,-29.953,-52.7115,2024-02-12 15:42:00.640,0.0
-0.9192,-0.0391,-0.2598,-118.988,-37.4832,-47.0352,2024-02-12 15:42:00.657,0.0
-0.9534,-0.1021,-0.2388,-119.2169,-47.8363,-36.1252,2024-02-12 15:42:00.681,0.0
-0.9661,-0.0667,-0.2041,-108.8409,-51.7578,-22.8424,2024-02-12 15:42:00.706,0.0
-0.9463,-0.061,-0.1882,-103.7369,-57.9529,-12.6801,2024-02-12 15:42:00.716,0.0
-0.8777,-0.0576,-0.1519,-95.787,-73.4482,-4.3869,2024-02-12 15:42:00.736,0.0
-0.7798,-0.1335,-0.1479,-86.9446,-86.0672,-2.5787,2024-02-12 15:42:00.752,0.0
-0.6357,-0.1765,-0.1765,-77.7512,-88.8214,-5.0507,2024-02-12 15:42:00.784,0.0
-0.5308,-0.1499,-0.2065,-69.0842,-65.9561,-16.2201,2024-02-12 15:42:00.792,0.0
-0.6116,-0.0574,-0.2451,-60.0204,-11.7035,-25.2686,2024-02-12 15:42:00.802,0.0
-0.7639,-0.0115,-0.2598,-59.6924,23.7656,-24.8184,2024-02-12 15:42:00.816,0.0
-0.8555,-0.0178,-0.2778,-62.355,23.7961,-20.462,2024-02-12 15:42:00.841,0.0
-0.8743,-0.1125,-0.1362,-63.6139,4.837,-19.6152,2024-02-12 15:42:00.857,0.0
-0.8694,-0.1313,-0.0559,-59.1354,-2.449,-18.0359,2024-02-12 15:42:00.873,0.0
-0.8328,-0.0896,-0.0308,-55.1453,0.1068,-20.34,2024-02-12 15:42:00.889,0.0
-0.8625,-0.136,-0.0071,-54.2984,5.2338,-23.3917,2024-02-12 15:42:00.913,0.0
-0.8867,-0.1907,-0.0115,-50.4837,9.9792,-23.7579,2024-02-12 15:42:00.921,0.0
-0.9375,-0.2437,0.042,-43.3807,5.5237,-23.1552,2024-02-12 15:42:00.946,0.0
-0.9524,-0.2239,0.0366,-35.8353,-10.2386,-15.5487,2024-02-12 15:42:00.963,0.0
-0.8872,-0.1809,-0.0286,-31.9672,-22.6898,-9.2316,2024-02-12 15:42:00.979,0.0
-0.8464,-0.1382,-0.0234,-27.9922,-21.4462,-5.4169,2024-02-12 15:42:01.003,0.0
-0.8333,-0.1143,-0.0164,-23.0026,-19.0048,-0.8163,2024-02-12 15:42:01.011,0.0
-0.8022,-0.1428,-0.052,-14.946,-14.3814,1.0681,2024-02-12 15:42:01.035,0.0
-0.8093,-0.0925,-0.063,-7.7515,-12.1841,3.3035,2024-02-12 15:42:01.075,0.0
-0.7844,-0.0603,-0.0212,-2.5177,-13.3972,8.6136,2024-02-12 15:42:01.083,0.0
-0.7153,-0.0911,-0.0083,4.7073,-7.5226,10.4294,2024-02-12 15:42:01.083,0.0
-0.6638,-0.1194,-0.0579,14.4348,8.8348,7.988,2024-02-12 15:42:01.176,0.0
-0.6821,-0.146,-0.0925,23.0637,26.5808,0.7248,2024-02-12 15:42:01.184,0.0
-0.7551,-0.1567,-0.1025,28.7933,33.1573,-4.3182,2024-02-12 15:42:01.192,0.0
-0.8284,-0.1421,-0.0322,30.0522,31.0974,-5.2261,2024-02-12 15:42:01.200,0.0
-0.8855,-0.1306,-0.022,36.5295,24.147,-3.5172,2024-02-12 15:42:01.208,0.0
-0.8972,-0.1409,-0.0723,43.3807,16.5176,0.618,2024-02-12 15:42:01.216,0.0
-0.8879,-0.1382,-0.0701,49.1486,8.6212,3.1891,2024-02-12 15:42:01.257,0.0
-0.8726,-0.104,-0.0876,53.9932,4.6387,3.4027,2024-02-12 15:42:01.257,0.0
-0.8574,-0.0703,-0.1121,55.0232,0.4425,2.9678,2024-02-12 15:42:01.265,0.0
-0.843,-0.0269,-0.125,55.5038,-2.7237,1.8616,2024-02-12 15:42:01.265,0.0
-0.8445,-0.012,-0.0996,53.8101,-1.9455,2.7695,2024-02-12 15:42:01.274,0.0
-0.8345,-0.0068,-0.0691,54.6188,0.4044,3.8528,2024-02-12 15:42:01.298,0.0
-0.8445,-0.0288,-0.1089,53.2913,-1.8997,4.4708,2024-02-12 15:42:01.315,0.0
-0.8625,-0.0552,-0.0942,52.3987,-5.7831,5.4703,2024-02-12 15:42:01.348,0.0
-0.8501,-0.041,-0.0754,53.8788,-8.3694,7.3929,2024-02-12 15:42:01.348,0.0
-0.8137,-0.0408,-0.0708,54.5731,-8.9264,7.4921,2024-02-12 15:42:01.372,0.0
-0.7722,-0.0615,-0.03,56.3889,-5.5008,5.722,2024-02-12 15:42:01.388,0.0
-0.7827,-0.0593,-0.0269,60.5392,3.0365,5.1422,2024-02-12 15:42:01.400,0.0
-0.7974,-0.0691,-0.0571,62.5305,6.2256,4.9744,2024-02-12 15:42:01.425,0.0
-0.8342,-0.0757,-0.0496,65.3839,5.9204,5.4855,2024-02-12 15:42:01.449,0.0
-0.8533,-0.0671,-0.04,68.161,3.0975,6.0349,2024-02-12 15:42:01.465,0.0
-0.843,-0.0632,-0.0571,69.5953,-0.0916,5.9357,2024-02-12 15:42:01.473,0.0
-0.835,-0.0659,-0.0496,70.549,-1.1902,6.0349,2024-02-12 15:42:01.498,0.0
-0.8335,-0.0603,-0.0557,70.9076,-1.2665,5.6686,2024-02-12 15:42:01.507,0.0
-0.8359,-0.0544,-0.0691,69.8547,-1.8387,5.2338,2024-02-12 15:42:01.531,0.0
-0.8459,-0.0559,-0.0718,69.1757,-2.3346,4.6463,2024-02-12 15:42:01.547,0.0
-0.8625,-0.0232,-0.0605,69.7632,-3.2654,5.0659,2024-02-12 15:42:01.563,0.0
-0.8562,-0.0305,-0.1023,67.1234,-4.425,6.1111,2024-02-12 15:42:01.587,0.0
-0.8406,-0.0315,-0.1191,63.4842,-6.0654,6.5384,2024-02-12 15:42:01.603,0.0
-0.832,-0.0195,-0.1165,60.0281,-5.5008,5.4779,2024-02-12 15:42:01.627,0.0
-0.832,0.0134,-0.0901,56.7627,-5.8823,4.1733,2024-02-12 15:42:01.635,0.0
-0.8298,0.0254,-0.0894,53.7567,-9.2468,2.655,2024-02-12 15:42:01.652,0.0
-0.8025,0.0088,-0.0933,49.4614,-11.9629,-0.1221,2024-02-12 15:42:01.684,0.0
-0.7546,-0.0234,-0.0981,45.8755,-12.6419,-6.0883,2024-02-12 15:42:01.692,0.0
-0.7063,-0.0525,-0.0664,44.4641,-8.9951,-13.1454,2024-02-12 15:42:01.700,0.0
-0.7456,-0.1101,0.0193,46.402,1.9684,-18.7683,2024-02-12 15:42:01.725,0.0
-0.8611,-0.1265,0.0259,50.2701,11.2457,-19.6609,2024-02-12 15:42:01.744,0.0
-0.9438,-0.0942,0.0151,49.5071,4.4632,-18.6844,2024-02-12 15:42:01.768,0.0
-0.969,-0.0356,0.0498,49.263,-11.9171,-15.4266,2024-02-12 15:42:01.776,0.0
-0.9382,0.0222,0.0161,46.8216,-24.1394,-7.9651,2024-02-12 15:42:01.793,0.0
-0.8174,0.0652,0.0208,36.8347,-28.6331,-1.3885,2024-02-12 15:42:01.818,0.0
-0.7004,0.0193,0.0627,30.6549,-25.1083,4.1199,2024-02-12 15:42:01.834,0.0
-0.6831,0.0344,-0.0356,24.3683,-10.0708,10.1089,2024-02-12 15:42:01.850,0.0
-0.6958,0.0549,-0.1746,10.0098,7.0953,13.237,2024-02-12 15:42:01.874,0.0
-0.811,0.0374,-0.259,-3.8071,34.9197,0.8774,2024-02-12 15:42:01.890,0.0
-1.1033,0.3215,-0.0305,-4.2648,46.6614,-21.5073,2024-02-12 15:42:01.899,0.0
-1.2947,-0.0071,-0.2588,10.9863,2.2202,-4.57,2024-02-12 15:42:01.922,0.0
-0.9529,-0.2444,-0.3293,6.073,-49.5148,10.643,2024-02-12 15:42:01.938,0.0
-0.5598,-0.3035,-0.0872,-3.4714,-54.8859,3.5019,2024-02-12 15:42:01.963,0.0
-0.3833,-0.2493,0.0371,-1.3885,-22.9721,-7.6675,2024-02-12 15:42:01.979,0.0
-0.4126,-0.0796,0.0203,2.1744,12.0392,-5.9357,2024-02-12 15:42:02.002,0.0
-0.5823,-0.0867,0.0,5.9586,44.7311,-4.8676,2024-02-12 15:42:02.018,0.0
-0.959,-0.0288,0.0471,10.0784,80.0858,-13.6871,2024-02-12 15:42:02.034,0.0
-1.2263,-0.0498,0.0769,11.1008,67.7414,-10.1089,2024-02-12 15:42:02.055,0.0
-1.2109,-0.061,0.0808,14.3433,14.6179,1.1444,2024-02-12 15:42:02.071,0.0
-1.0388,-0.0706,0.0979,15.9836,-25.4059,6.5613,2024-02-12 15:42:02.095,0.0
-0.9014,-0.126,0.1465,19.4778,-24.5209,9.8801,2024-02-12 15:42:02.103,0.0
-0.8228,-0.1106,0.0059,20.4697,-11.2381,12.9089,2024-02-12 15:42:02.168,0.0
-0.835,-0.0115,-0.0308,16.1362,-13.5193,13.0005,2024-02-12 15:42:02.168,0.0
-0.8149,0.0847,-0.0469,12.7487,-20.256,13.3057,2024-02-12 15:42:02.168,0.0
-0.7454,0.1819,-0.0601,7.9498,-24.3835,10.9863,2024-02-12 15:42:02.176,0.0
-0.6904,0.2383,-0.0984,2.6703,-23.056,7.6981,2024-02-12 15:42:02.192,0.0
-0.5991,0.1711,-0.0525,-3.0746,-16.4795,-0.885,2024-02-12 15:42:02.217,0.0
-0.6345,0.1077,-0.0312,-0.7858,-0.0153,-5.5542,2024-02-12 15:42:02.233,0.0
-0.6877,-0.0044,-0.033,2.5482,3.8834,-13.3514,2024-02-12 15:42:02.250,0.0
-0.7466,-0.0056,-0.0342,8.2855,1.3962,-15.0757,2024-02-12 15:42:02.268,0.0
-0.8079,0.0298,-0.1313,12.291,0.3433,-15.5716,2024-02-12 15:42:02.292,0.0
-0.8894,0.0933,-0.2051,13.3362,-3.7613,-13.3591,2024-02-12 15:42:02.317,0.0
-0.8677,0.136,-0.198,14.0686,-11.2534,-7.2784,2024-02-12 15:42:02.317,0.0
-0.8562,0.23,-0.2112,13.9465,-6.218,-0.8392,2024-02-12 15:42:02.333,0.0
-0.8564,0.2368,-0.2,11.0931,7.2098,7.9117,2024-02-12 15:42:02.349,0.0
-0.9172,0.1982,-0.1992,8.5602,18.4937,19.3329,2024-02-12 15:42:02.377,0.0
-0.9783,0.1216,-0.1924,2.8458,20.1035,31.3492,2024-02-12 15:42:02.401,0.0
-0.9644,-0.0542,0.0044,-3.3112,10.9558,39.9399,2024-02-12 15:42:02.409,0.0
-0.9297,-0.2314,-0.1116,-6.897,19.9051,42.7856,2024-02-12 15:42:02.429,0.0
-0.9438,-0.4805,-0.158,-20.5917,52.4292,26.5198,2024-02-12 15:42:02.603,0.0
-1.1501,-0.377,-0.0671,-23.7579,43.9758,13.382,2024-02-12 15:42:02.603,0.0
-1.3601,-0.429,-0.0747,-30.5405,25.7111,15.5792,2024-02-12 15:42:02.603,0.0
-1.2034,-0.2852,0.0254,-31.4484,-5.2948,9.5062,2024-02-12 15:42:02.603,0.0
-1.0625,-0.2512,-0.021,-30.8151,-33.8745,-1.8692,2024-02-12 15:42:02.603,0.0
-0.9346,-0.3403,-0.1292,-40.741,-30.5939,-9.8953,2024-02-12 15:42:02.603,0.0
-0.9087,-0.3218,0.0295,-54.8401,-16.6321,-14.0915,2024-02-12 15:42:02.611,0.0
-0.894,-0.2395,0.2317,-61.0046,-9.0332,-13.8168,2024-02-12 15:42:02.611,0.0
-0.8049,-0.1028,0.1428,-65.4907,-19.2566,-4.715,2024-02-12 15:42:02.611,0.0
-0.4438,0.0105,0.0217,-109.8709,-11.3373,27.4582,2024-02-12 15:42:02.635,0.0
-0.5439,-0.0776,0.1172,-111.9995,21.0571,27.0844,2024-02-12 15:42:02.651,0.0
-0.6665,-0.0679,0.2383,-108.8715,37.5214,20.9351,2024-02-12 15:42:02.667,0.0
-0.8655,0.0459,0.1138,-108.6121,43.4952,13.7634,2024-02-12 15:42:02.691,0.0
-0.9443,0.0786,0.0491,-109.848,27.1454,8.7967,2024-02-12 15:42:02.716,0.0
-0.9509,0.1179,0.0317,-112.8845,-3.0594,4.6921,2024-02-12 15:42:02.745,0.0
-0.7727,0.0017,0.0222,-113.2278,-23.5443,1.4572,2024-02-12 15:42:02.745,0.0
-0.615,-0.1438,-0.0212,-111.4807,-32.402,-3.54,2024-02-12 15:42:02.753,0.0
-0.5374,-0.2649,-0.0452,-107.3074,-6.4545,-12.9166,2024-02-12 15:42:02.780,0.0
-0.6528,-0.3569,-0.0425,-97.1527,36.4151,-16.5024,2024-02-12 15:42:02.797,0.0
-0.8489,-0.2617,0.0422,-84.5718,66.8716,-14.1602,2024-02-12 15:42:02.813,0.0
-1.0505,-0.1233,-0.0256,-77.4689,66.7648,-15.6555,2024-02-12 15:42:02.867,0.0
-1.1838,-0.0266,-0.1079,-76.4389,40.0848,-11.6348,2024-02-12 15:42:02.867,0.0
-1.21,-0.0342,-0.1599,-81.0928,-10.9558,-1.3123,2024-02-12 15:42:02.867,0.0
-1.0884,-0.1287,-0.0225,-79.1473,-51.4526,6.813,2024-02-12 15:42:02.884,0.0
-0.8772,-0.2065,0.0649,-71.0526,-64.3768,7.019,2024-02-12 15:42:02.958,0.0
-0.7534,-0.2065,0.146,-61.264,-47.8287,0.8698,2024-02-12 15:42:02.959,0.0
-0.7073,-0.1985,0.1321,-50.6287,-21.8124,-5.5237,2024-02-12 15:42:02.959,0.0
-0.7,-0.168,0.1069,-43.7088,-3.9902,-9.9335,2024-02-12 15:42:02.959,0.0
-0.7295,-0.1707,0.0989,-40.4205,10.8185,-15.7242,2024-02-12 15:42:02.967,0.0
-0.8201,-0.1636,0.1497,-34.3094,22.6364,-22.8271,2024-02-12 15:42:02.992,0.0
-0.9087,-0.1577,0.114,-29.1519,24.5361,-24.5514,2024-02-12 15:42:03.008,0.0
-0.9438,-0.1807,0.0652,-26.3367,16.8533,-24.3301,2024-02-12 15:42:03.033,0.0
-0.9341,-0.1736,0.1091,-21.9421,2.7542,-23.9182,2024-02-12 15:42:03.041,0.0
-0.8882,-0.1252,0.1082,-17.8604,-9.9258,-24.4064,2024-02-12 15:42:03.059,0.0
-0.8433,-0.0659,0.1304,-16.0675,-13.0997,-24.8566,2024-02-12 15:42:03.083,0.0
-0.8286,-0.0146,0.1465,-14.7781,-7.7896,-24.2615,2024-02-12 15:42:03.099,0.0
-0.7886,-0.0049,0.1008,-13.382,-0.7248,-22.171,2024-02-12 15:42:03.115,0.0
-0.7417,-0.0344,0.092,-15.2664,0.5951,-21.347,2024-02-12 15:42:03.131,0.0
-0.7458,-0.0728,0.1155,-16.2735,2.0218,-22.3541,2024-02-12 15:42:03.156,0.0
-0.769,-0.0845,0.1917,-16.1057,6.6071,-24.0784,2024-02-12 15:42:03.213,0.0
-0.7935,-0.0574,0.2571,-15.4266,10.7574,-24.5285,2024-02-12 15:42:03.221,0.0
-0.8296,0.0073,0.3079,-14.1678,12.9852,-23.4909,2024-02-12 15:42:03.221,0.0
-0.8811,0.0254,0.2637,-13.3438,13.0463,-19.4855,2024-02-12 15:42:03.221,0.0
-0.8928,-0.0361,0.2087,-13.5651,-1.9531,-9.5749,2024-02-12 15:42:03.250,0.0
-0.8818,-0.1436,0.2793,-9.4604,-20.2866,-0.8545,2024-02-12 15:42:03.258,0.0
-0.856,-0.1941,0.2837,-1.0529,-26.4893,4.6997,2024-02-12 15:42:03.283,0.0
-0.8308,-0.1785,0.2366,0.8087,-24.6201,4.7455,2024-02-12 15:42:03.299,0.0
-0.8623,-0.1604,0.178,2.1667,-16.6473,0.1602,2024-02-12 15:42:03.316,0.0
-0.9072,-0.1143,0.1323,1.3275,-7.8583,-7.0038,2024-02-12 15:42:03.340,0.0
-0.9905,-0.0879,0.0845,3.7689,0.9842,-16.1591,2024-02-12 15:42:03.349,0.0
-1.05,-0.1416,-0.0059,5.6686,-9.5139,-14.1449,2024-02-12 15:42:03.365,0.0
-0.8967,-0.1375,-0.0913,3.7613,-39.1312,-6.0806,2024-02-12 15:42:03.381,0.0
-0.6899,-0.0769,-0.0596,-0.8621,-52.3605,-8.9111,2024-02-12 15:42:03.406,0.0
-0.582,-0.1213,-0.0063,0.4501,-38.8107,-13.71,2024-02-12 15:42:03.422,0.0
-0.6387,-0.1104,0.0332,5.7373,4.6692,-13.1912,2024-02-12 15:42:03.438,0.0
-0.8599,-0.1394,0.051,10.4675,50.7584,-5.7983,2024-02-12 15:42:03.455,0.0
-1.0378,-0.0715,0.0674,10.2158,59.3872,3.5706,2024-02-12 15:42:03.479,0.0
-1.1055,-0.0259,0.0542,9.7733,26.4282,12.7792,2024-02-12 15:42:03.488,0.0
-0.998,-0.0181,0.0046,7.7209,-9.4147,19.3787,2024-02-12 15:42:03.512,0.0
-0.8013,-0.022,0.0757,3.8452,-21.9345,18.0054,2024-02-12 15:42:03.529,0.0
-0.7695,-0.0322,0.1743,8.5297,4.2572,17.7078,2024-02-12 15:42:03.546,0.0
-0.8066,-0.0571,0.1458,17.746,35.4614,19.8135,2024-02-12 15:42:03.562,0.0
-0.8801,-0.051,0.1179,23.4833,40.6265,22.6974,2024-02-12 15:42:03.586,0.0
-0.9111,-0.0366,0.0515,26.4587,30.7846,26.9089,2024-02-12 15:42:03.618,0.0
-0.9019,0.0149,-0.0386,24.3454,19.7067,30.9296,2024-02-12 15:42:03.618,0.0
-0.8516,0.064,-0.0381,21.5836,10.3302,30.1666,2024-02-12 15:42:03.635,0.0
-0.7878,0.0605,0.0117,20.752,-0.0229,27.0386,2024-02-12 15:42:03.651,0.0
-0.7246,0.0369,0.0127,23.9105,0.8163,25.6195,2024-02-12 15:42:03.675,0.0
-0.6787,0.0339,0.0156,26.7029,8.9569,23.468,2024-02-12 15:42:03.700,0.0
-0.6721,0.0386,0.0322,28.5187,19.104,19.455,2024-02-12 15:42:03.708,0.0
-0.7095,0.041,0.0693,31.8146,27.0233,13.2599,2024-02-12 15:42:03.724,0.0
-0.7505,0.0256,0.0547,34.6146,26.3214,9.5139,2024-02-12 15:42:03.741,0.0
-0.7458,0.0654,0.052,35.8963,22.7051,8.461,2024-02-12 15:42:03.757,0.0
-0.7183,0.1057,0.1138,35.4919,21.4615,4.4785,2024-02-12 15:42:03.782,0.0
-0.7078,0.1348,0.1868,37.1094,26.2604,0.9689,2024-02-12 15:42:03.798,0.0
-0.717,0.1392,0.2249,42.6407,38.1927,-0.2289,2024-02-12 15:42:03.872,0.0
-0.7693,0.146,0.198,44.281,46.9894,-2.9297,2024-02-12 15:42:03.872,0.0
-0.9038,0.2104,0.1858,43.3502,50.8194,-3.746,2024-02-12 15:42:03.872,0.0
-1.0178,0.2253,0.1716,39.5203,42.9077,-0.0458,2024-02-12 15:42:03.880,0.0
-1.0762,0.1997,0.1602,35.2859,32.9056,4.776,2024-02-12 15:42:03.880,0.0
-1.1118,0.1392,0.1077,30.2887,26.9165,8.0795,2024-02-12 15:42:04.971,0.0
-1.1377,0.1333,0.0601,26.2375,24.1165,11.4517,2024-02-12 15:42:04.971,0.0
-1.1248,0.1155,-0.0574,21.5225,18.6234,15.2435,2024-02-12 15:42:04.971,0.0
-0.604,0.0698,-0.0471,16.983,-29.6249,54.2221,2024-02-12 15:42:04.971,0.0
-0.4839,0.052,-0.0068,15.8768,-14.3356,46.5851,2024-02-12 15:42:04.971,0.0
-0.4473,0.0186,0.0498,16.922,6.8054,36.0794,2024-02-12 15:42:04.971,0.0
-0.6304,0.0542,0.0549,21.1411,31.0059,5.2872,2024-02-12 15:42:04.988,0.0
-0.6399,0.1045,0.0632,17.1356,25.5356,-0.5646,2024-02-12 15:42:05.004,0.0
-0.6316,0.0972,0.1685,12.4283,19.9356,-8.194,2024-02-12 15:42:05.028,0.0
-0.687,0.0337,0.3132,12.2375,18.5013,-13.588,2024-02-12 15:42:05.044,0.0
-0.7607,-0.0059,0.3054,15.9149,19.043,-19.5313,2024-02-12 15:42:05.060,0.0
-0.9197,0.0769,0.2019,17.2653,9.14,-19.9738,2024-02-12 15:42:05.882,0.0
-0.9158,0.0642,0.0315,9.5062,-12.3978,-12.2604,2024-02-12 15:42:08.544,0.0
-0.8892,0.0737,-0.0161,-2.0599,-28.1448,-8.0185,2024-02-12 15:42:08.544,0.0
-0.9102,0.1028,-0.0217,-8.194,-11.94,0.0992,2024-02-12 15:42:08.544,0.0
-0.9497,0.1118,0.0977,-7.6447,21.347,7.7286,2024-02-12 15:42:08.544,0.0
-0.979,0.1252,0.135,2.1667,36.9492,10.6583,2024-02-12 15:42:08.552,0.0
-1.0471,-0.0076,0.1064,3.9825,53.1769,7.8964,2024-02-12 15:42:08.552,0.0
-1.2068,-0.1792,0.1577,8.5678,73.0743,0.9842,2024-02-12 15:42:08.552,0.0
-1.4626,-0.1047,0.1545,23.4222,75.2792,7.103,2024-02-12 15:42:08.552,0.0
-0.8052,-0.0989,-0.0642,11.879,6.3705,31.5628,2024-02-12 15:42:08.685,0.0
-0.8838,-0.1006,-0.0303,-0.7248,10.7422,-3.2196,2024-02-12 15:42:08.693,0.0
-0.876,-0.1047,-0.0234,-0.8698,7.2937,-2.0981,2024-02-12 15:42:08.710,0.0
-0.855,-0.0994,-0.0259,-1.2665,4.9362,0.412,2024-02-12 15:42:08.726,0.0
-0.8376,-0.1157,-0.0281,-2.5024,3.7308,1.1292,2024-02-12 15:42:08.742,0.0
-0.8555,-0.1301,-0.0232,-3.0746,2.5787,1.7166,2024-02-12 15:42:08.766,0.0
-0.8933,-0.0576,-0.0579,-3.3264,-0.6561,5.2414,2024-02-12 15:42:08.782,0.0
-0.8552,-0.0371,-0.0874,-7.9727,-5.9662,5.6458,2024-02-12 15:42:08.791,0.0
-0.8345,-0.0583,-0.0496,-10.5286,-8.8272,4.2877,2024-02-12 15:42:08.815,0.0
-0.803,-0.1021,-0.02,-10.2234,-6.5765,1.4648,2024-02-12 15:42:08.826,0.0
-0.8015,-0.1294,-0.0327,-8.3008,-2.4185,-0.824,2024-02-12 15:42:08.842,0.0
-0.8201,-0.1406,-0.0691,-8.11,-0.9918,-2.6474,2024-02-12 15:42:08.867,0.0
-0.8281,-0.1492,-0.0596,-8.2092,-3.273,-3.3798,2024-02-12 15:42:08.875,0.0
-0.8123,-0.1494,-0.0498,-8.4381,-5.127,-2.7542,2024-02-12 15:42:08.891,0.0
-0.7966,-0.1458,-0.0498,-8.7051,-3.9291,-2.8839,2024-02-12 15:42:08.907,0.0
-0.7883,-0.1599,-0.0376,-9.1171,0.0839,-3.1128,2024-02-12 15:42:08.932,0.0
-0.7764,-0.1887,-0.0366,-8.5831,3.7766,-3.5934,2024-02-12 15:42:08.949,0.0
-0.811,-0.1353,-0.0366,-6.5155,4.6005,1.2741,2024-02-12 15:42:08.965,0.0
-0.7939,-0.0947,-0.0398,-6.7139,6.7368,0.7629,2024-02-12 15:42:08.982,0.0
-0.8145,-0.0713,-0.021,-6.9809,9.7351,-0.3967,2024-02-12 15:42:08.990,0.0
-0.8262,-0.0562,-0.0222,-5.4703,12.7792,-0.7629,2024-02-12 15:42:09.014,0.0
-0.8303,-0.0835,-0.0278,-5.188,13.7405,-0.885,2024-02-12 15:42:09.032,0.0
-0.8408,-0.0735,-0.0415,-4.6234,14.061,1.0834,2024-02-12 15:42:09.048,0.0
-0.8425,-0.0745,-0.0293,-4.7302,14.5187,0.5417,2024-02-12 15:42:09.064,0.0
-0.8572,-0.0693,-0.0107,-2.8839,14.6637,0.5417,2024-02-12 15:42:09.080,0.0
-0.8591,-0.0684,-0.0051,-1.0376,12.1613,0.885,2024-02-12 15:42:09.089,0.0
-0.8503,-0.0913,-0.0098,-0.6561,7.431,1.5182,2024-02-12 15:42:09.113,0.0
-0.856,-0.1091,-0.0359,1.1673,4.7531,1.6251,2024-02-12 15:42:09.129,0.0
-0.8711,-0.0867,-0.0312,3.3798,1.3046,2.8534,2024-02-12 15:42:09.153,0.0
-0.8418,-0.0911,-0.0474,3.9825,-2.5635,3.9444,2024-02-12 15:42:09.169,0.0
-0.8186,-0.1135,-0.0227,5.6458,-3.7766,1.8234,2024-02-12 15:42:09.186,0.0
-0.8154,-0.1187,-0.0393,8.9035,-2.0142,0.5035,2024-02-12 15:42:09.202,0.0
-0.8486,-0.1521,-0.073,11.6501,-0.9003,2.4414,2024-02-12 15:42:09.218,0.0
-0.8391,-0.1047,-0.0823,13.9084,-0.5188,2.6474,2024-02-12 15:42:09.242,0.0
-0.8442,-0.1111,-0.0752,15.4037,-1.77,0.1602,2024-02-12 15:42:09.258,0.0
-0.842,-0.1169,-0.0894,15.0528,-1.6403,1.0223,2024-02-12 15:42:09.275,0.0
-0.8281,-0.1047,-0.0557,13.7558,-0.8316,1.0223,2024-02-12 15:42:09.299,0.0
-0.8506,-0.0881,-0.0632,15.0146,-2.0294,1.0681,2024-02-12 15:42:09.323,0.0
-0.832,-0.0964,-0.0784,12.4817,-4.7836,0.679,2024-02-12 15:42:09.332,0.0
-0.8206,-0.0881,-0.0557,9.7275,-6.3477,-0.3052,2024-02-12 15:42:09.348,0.0
-0.8267,-0.075,-0.0728,7.8278,-5.9052,-0.8011,2024-02-12 15:42:09.364,0.0
-0.8237,-0.0718,-0.0603,4.8828,-5.1651,-0.5417,2024-02-12 15:42:09.389,0.0
-0.8232,-0.072,-0.0386,2.1591,-4.5471,-0.3738,2024-02-12 15:42:09.405,0.0
-0.8188,-0.0647,-0.0457,-0.9689,-2.7161,-0.1678,2024-02-12 15:42:09.421,0.0
-0.8279,-0.0613,-0.0457,-4.2114,-0.6866,-0.267,2024-02-12 15:42:09.437,0.0
-0.8447,-0.0647,-0.0437,-7.515,-0.473,-0.4044,2024-02-12 15:42:09.461,0.0
-0.8425,-0.0642,-0.0476,-9.9564,-1.4343,-0.4501,2024-02-12 15:42:09.478,0.0
-0.8367,-0.0737,-0.0449,-12.3444,-2.8458,-0.2441,2024-02-12 15:42:09.494,0.0
-0.8379,-0.0923,-0.0381,-14.0381,-2.5101,0.0687,2024-02-12 15:42:09.510,0.0
-0.8342,-0.103,-0.0212,-14.5416,-1.9913,-0.1907,2024-02-12 15:42:09.534,0.0
-0.8408,-0.104,-0.0322,-14.4424,-1.2054,-0.4654,2024-02-12 15:42:09.542,0.0
-0.835,-0.1035,-0.0486,-14.7705,-1.4191,-0.5722,2024-02-12 15:42:09.558,0.0
-0.8286,-0.106,-0.0552,-14.6637,-2.6169,-0.9995,2024-02-12 15:42:09.583,0.0
-0.8286,-0.1104,-0.0488,-14.0076,-3.6545,-1.297,2024-02-12 15:42:09.599,0.0
-0.8115,-0.114,-0.0457,-12.9013,-3.9902,-1.5869,2024-02-12 15:42:09.607,0.0
-0.7983,-0.1169,-0.0354,-11.5814,-3.5172,-1.709,2024-02-12 15:42:09.632,0.0
-0.8047,-0.1208,-0.0286,-10.0784,-1.3885,-1.6098,2024-02-12 15:42:09.648,0.0
-0.8125,-0.125,-0.03,-8.3313,0.9308,-1.4877,2024-02-12 15:42:09.664,0.0
-0.8291,-0.1196,-0.0283,-6.8436,1.4725,-1.5259,2024-02-12 15:42:09.680,0.0
-0.8386,-0.1199,-0.0427,-5.2109,-0.1678,-1.2589,2024-02-12 15:42:09.697,0.0
-0.8333,-0.1055,-0.0435,-3.9673,-1.6403,-0.824,2024-02-12 15:42:09.713,0.0
-0.8247,-0.1052,-0.0369,-2.594,-1.4648,-0.6104,2024-02-12 15:42:09.729,0.0
-0.8228,-0.1033,-0.0444,-1.4114,0.4196,-0.351,2024-02-12 15:42:09.745,0.0
-0.8223,-0.0906,-0.0569,-0.7248,1.2589,-0.5722,2024-02-12 15:42:09.770,0.0
-0.8188,-0.0894,-0.0552,-0.7324,1.1749,-0.4272,2024-02-12 15:42:09.786,0.0
-0.8215,-0.0845,-0.0496,-0.6485,2.7237,-0.7401,2024-02-12 15:42:09.794,0.0
-0.8247,-0.0764,-0.0525,-0.8392,4.0207,-0.5722,2024-02-12 15:42:09.818,0.0
-0.8315,-0.0715,-0.0439,-1.8997,3.9978,-0.6104,2024-02-12 15:42:09.842,0.0
-0.8345,-0.0618,-0.0588,-3.1281,3.7308,-0.4959,2024-02-12 15:42:09.850,0.0
-0.832,-0.0603,-0.0544,-4.0894,3.2654,-0.4501,2024-02-12 15:42:09.870,0.0
-0.8274,-0.0576,-0.0537,-6.0043,4.2572,-1.0986,2024-02-12 15:42:09.894,0.0
-0.8386,-0.061,-0.0654,-7.4081,4.8981,-1.4572,2024-02-12 15:42:09.910,0.0
-0.8364,-0.0518,-0.0605,-8.9569,4.4098,-1.5259,2024-02-12 15:42:09.926,0.0
-0.8345,-0.0576,-0.0635,-10.8337,3.0289,-1.0605,2024-02-12 15:42:09.942,0.0
-0.8274,-0.0613,-0.0562,-11.8256,2.9984,-1.0223,2024-02-12 15:42:09.966,0.0
-0.8271,-0.0828,-0.0498,-11.8027,4.1122,-1.0071,2024-02-12 15:42:09.983,0.0
-0.8303,-0.0815,-0.0405,-11.1389,5.3787,-0.9079,2024-02-12 15:42:10.017,0.0
-0.8389,-0.0896,-0.0464,-10.8948,5.2567,-1.091,2024-02-12 15:42:10.017,0.0
-0.8408,-0.0945,-0.0437,-10.3455,4.5776,-0.7858,2024-02-12 15:42:10.033,0.0
-0.8298,-0.0952,-0.0383,-9.7427,4.1504,-0.6561,2024-02-12 15:42:10.058,0.0
-0.823,-0.0945,-0.0332,-7.8278,5.0125,-0.7858,2024-02-12 15:42:10.082,0.0
-0.8232,-0.0896,-0.051,-7.1182,5.3787,-0.5875,2024-02-12 15:42:10.090,0.0
-0.825,-0.0986,-0.0562,-5.7602,5.6076,-0.7248,2024-02-12 15:42:10.107,0.0
-0.8145,-0.0918,-0.0459,-4.4708,6.4774,-0.7858,2024-02-12 15:42:10.126,0.0
-0.8186,-0.0916,-0.0518,-3.2043,7.3624,-0.9766,2024-02-12 15:42:10.147,0.0
-0.8252,-0.0913,-0.0613,-2.449,7.7667,-0.8926,2024-02-12 15:42:10.180,0.0
-0.8335,-0.0984,-0.072,-1.6403,7.2632,-0.4272,2024-02-12 15:42:10.180,0.0
-0.8345,-0.0901,-0.053,-0.3891,6.9504,-0.2975,2024-02-12 15:42:10.213,0.0
-0.8291,-0.0918,-0.0671,0.1297,7.1487,-0.1602,2024-02-12 15:42:10.213,0.0
-0.8218,-0.0837,-0.0603,0.9537,6.7368,-0.351,2024-02-12 15:42:10.229,0.0
-0.8257,-0.0818,-0.0471,1.9684,6.6681,-0.5569,2024-02-12 15:42:10.245,0.0
-0.8376,-0.095,-0.0564,3.3722,6.897,-0.6943,2024-02-12 15:42:10.270,0.0
-0.8345,-0.0879,-0.0659,4.5013,6.4392,-0.0839,2024-02-12 15:42:10.286,0.0
-0.8354,-0.0916,-0.0696,5.5771,6.4468,-0.0076,2024-02-12 15:42:10.294,0.0
-0.8481,-0.0898,-0.0649,6.2485,5.5008,0.4578,2024-02-12 15:42:10.319,0.0
-0.8413,-0.0806,-0.0796,6.7062,3.6621,0.8698,2024-02-12 15:42:10.334,0.0
-0.8367,-0.072,-0.0815,6.5384,2.9907,1.0223,2024-02-12 15:42:10.351,0.0
-0.8206,-0.072,-0.082,6.6757,3.6163,1.0605,2024-02-12 15:42:10.367,0.0
-0.8262,-0.0698,-0.0745,6.3934,4.5013,0.7095,2024-02-12 15:42:10.392,0.0
-0.823,-0.0657,-0.0806,6.0654,4.6539,0.6409,2024-02-12 15:42:10.402,0.0
-0.8242,-0.0659,-0.0732,6.2103,4.2572,0.946,2024-02-12 15:42:10.419,0.0
-0.832,-0.0715,-0.0645,5.9052,3.7842,1.0834,2024-02-12 15:42:10.435,0.0
-0.8237,-0.0769,-0.0767,6.1874,3.6545,0.7629,2024-02-12 15:42:10.451,0.0
-0.8308,-0.0874,-0.0676,6.2866,3.8528,0.5493,2024-02-12 15:42:10.484,0.0
-0.8306,-0.0774,-0.0601,5.9967,3.1433,0.2518,2024-02-12 15:42:10.492,0.0
-0.8274,-0.074,-0.0723,6.5308,2.7313,-0.0153,2024-02-12 15:42:10.508,0.0
-0.8296,-0.0757,-0.0818,6.8665,2.8229,-0.3433,2024-02-12 15:42:10.526,0.0
-0.8252,-0.0691,-0.0881,6.6528,2.9068,-0.7095,2024-02-12 15:42:10.542,0.0
-0.8291,-0.0701,-0.0635,6.9122,2.7847,-0.9384,2024-02-12 15:42:10.566,0.0
-0.8254,-0.0559,-0.0767,6.6833,2.6855,-1.152,2024-02-12 15:42:10.582,0.0
-0.8245,-0.0513,-0.0791,5.4779,3.2654,-1.2817,2024-02-12 15:42:10.600,0.0
-0.8254,-0.0452,-0.0708,3.9673,3.273,-1.2894,2024-02-12 15:42:10.616,0.0
-0.8293,-0.0403,-0.085,2.2507,3.4637,-1.4496,2024-02-12 15:42:10.632,0.0
-0.8254,-0.0303,-0.0854,0.8163,3.8834,-1.5488,2024-02-12 15:42:10.649,0.0
-0.8303,-0.033,-0.0854,-0.4807,4.0665,-1.3962,2024-02-12 15:42:10.665,0.0
-0.8223,-0.0481,-0.0842,-2.3804,4.6921,-1.8768,2024-02-12 15:42:10.690,0.0
-0.8301,-0.0437,-0.0762,-3.9291,4.6463,-1.9913,2024-02-12 15:42:10.706,0.0
-0.8298,-0.05,-0.0796,-4.8294,3.9062,-2.243,2024-02-12 15:42:10.730,0.0
-0.8301,-0.0559,-0.0945,-5.7449,3.3798,-2.6398,2024-02-12 15:42:10.746,0.0
-0.8271,-0.0605,-0.0696,-6.2637,2.1591,-3.334,2024-02-12 15:42:10.771,0.0
-0.8257,-0.0706,-0.0674,-6.2866,1.8005,-3.8528,2024-02-12 15:42:10.779,0.0
-0.8242,-0.0713,-0.0867,-6.5613,2.0599,-4.2191,2024-02-12 15:42:10.798,0.0
-0.8208,-0.0693,-0.0867,-6.6376,2.4338,-4.364,2024-02-12 15:42:10.814,0.0
-0.8208,-0.0811,-0.0845,-6.7902,3.067,-4.6005,2024-02-12 15:42:10.838,0.0
-0.8193,-0.0762,-0.0786,-6.3553,3.0441,-4.9362,2024-02-12 15:42:10.855,0.0
-0.8208,-0.0813,-0.075,-6.0196,2.9373,-5.0354,2024-02-12 15:42:10.871,0.0
-0.8252,-0.082,-0.0796,-5.7602,2.9526,-4.9133,2024-02-12 15:42:10.888,0.0
-0.8359,-0.0796,-0.0703,-5.5008,2.0142,-4.9438,2024-02-12 15:42:10.904,0.0
-0.8384,-0.0759,-0.0615,-4.8828,1.297,-5.1041,2024-02-12 15:42:10.930,0.0
-0.8401,-0.0737,-0.0747,-4.1962,0.4654,-4.9362,2024-02-12 15:42:10.946,0.0
-0.8208,-0.0718,-0.0779,-3.9215,0.2441,-4.8141,2024-02-12 15:42:10.955,0.0
-0.8125,-0.0776,-0.0759,-4.3488,1.7853,-4.6921,2024-02-12 15:42:10.979,0.0
-0.8113,-0.0815,-0.0781,-4.3869,4.1885,-4.9133,2024-02-12 15:42:10.995,0.0
-0.8259,-0.0898,-0.085,-4.57,5.6458,-4.6158,2024-02-12 15:42:11.019,0.0
-0.8315,-0.0894,-0.0876,-4.8141,5.2872,-3.9597,2024-02-12 15:42:11.043,0.0
-0.8347,-0.0898,-0.0942,-5.249,3.9215,-3.7689,2024-02-12 15:42:11.051,0.0
-0.8413,-0.0996,-0.0957,-5.3329,1.4496,-3.3798,2024-02-12 15:42:11.067,0.0
-0.8381,-0.1025,-0.0854,-4.7836,-1.0681,-3.067,2024-02-12 15:42:11.083,0.0
-0.8276,-0.1094,-0.0908,-4.3869,-1.1826,-2.9449,2024-02-12 15:42:11.108,0.0
-0.8115,-0.1206,-0.0732,-4.8447,-0.7019,-3.0975,2024-02-12 15:42:11.124,0.0
-0.8174,-0.1321,-0.0659,-4.6692,0.1678,-3.746,2024-02-12 15:42:11.141,0.0
-0.8254,-0.1294,-0.0779,-4.4479,-0.0076,-3.7155,2024-02-12 15:42:11.158,0.0
-0.8323,-0.1208,-0.0684,-4.1733,-1.9836,-3.3188,2024-02-12 15:42:11.174,0.0
-0.8125,-0.1079,-0.0637,-4.097,-3.6621,-3.1433,2024-02-12 15:42:11.199,0.0
-0.7942,-0.1121,-0.0608,-4.2191,-1.5793,-4.1733,2024-02-12 15:42:11.215,0.0
-0.8096,-0.1184,-0.0657,-4.0665,2.1439,-5.722,2024-02-12 15:42:11.231,0.0
-0.8357,-0.1104,-0.0864,-4.0283,1.3199,-6.3705,2024-02-12 15:42:11.248,0.0
-0.8435,-0.1099,-0.0859,-4.8981,-1.5182,-6.2103,2024-02-12 15:42:11.264,0.0
-0.8408,-0.0881,-0.0894,-5.2948,-3.3188,-6.2485,2024-02-12 15:42:11.288,0.0
-0.8386,-0.0808,-0.0842,-6.3171,-2.7924,-6.4392,2024-02-12 15:42:11.304,0.0
-0.8367,-0.0723,-0.0784,-7.9727,-2.3346,-6.5079,2024-02-12 15:42:11.321,0.0
-0.832,-0.0645,-0.0588,-10.2386,-1.6327,-6.0959,2024-02-12 15:42:11.337,0.0
-0.8289,-0.0557,-0.0498,-11.3373,-1.8768,-5.8823,2024-02-12 15:42:11.353,0.0
-0.8308,-0.0493,-0.0471,-13.4811,-1.6251,-5.8212,2024-02-12 15:42:11.378,0.0
-0.8357,-0.0439,-0.0303,-15.0681,-1.4572,-5.722,2024-02-12 15:42:11.394,0.0
-0.8501,-0.0459,-0.0361,-17.0822,-2.8229,-5.4779,2024-02-12 15:42:11.410,0.0
-0.8535,-0.0464,-0.0537,-19.7144,-5.6229,-5.0125,2024-02-12 15:42:11.434,0.0
-0.8489,-0.0481,-0.0542,-22.5754,-8.6899,-4.7531,2024-02-12 15:42:11.450,0.0
-0.8394,-0.0496,-0.0505,-24.9252,-10.8566,-4.9286,2024-02-12 15:42:11.466,0.0
-0.8418,-0.0596,-0.0579,-27.3819,-11.3602,-4.6387,2024-02-12 15:42:11.483,0.0
-0.8389,-0.0679,-0.0544,-29.2053,-11.3144,-4.0588,2024-02-12 15:42:11.507,0.0
-0.8333,-0.0676,-0.053,-30.4489,-10.0327,-3.4866,2024-02-12 15:42:11.540,0.0
-0.834,-0.0737,-0.0435,-31.2347,-7.019,-2.8458,2024-02-12 15:42:11.548,0.0
-0.8384,-0.093,-0.0432,-32.2037,-5.394,-2.5024,2024-02-12 15:42:11.557,0.0
-0.8599,-0.0913,-0.032,-32.7225,-6.1417,-1.4191,2024-02-12 15:42:11.582,0.0
-0.8555,-0.0867,-0.0403,-33.7601,-8.2703,-0.7019,2024-02-12 15:42:11.590,0.0
-0.8398,-0.0908,-0.05,-34.8053,-11.0474,-0.2289,2024-02-12 15:42:11.614,0.0
-0.8181,-0.0886,-0.0618,-36.2854,-11.5509,-0.1602,2024-02-12 15:42:11.630,0.0
-0.8035,-0.0935,-0.0415,-37.9105,-11.3525,-1.2283,2024-02-12 15:42:11.647,0.0
-0.7976,-0.0857,-0.0527,-39.6957,-11.2305,-2.6245,2024-02-12 15:42:11.671,0.0
-0.7791,-0.0862,-0.0574,-40.9393,-10.1395,-4.6768,2024-02-12 15:42:11.687,0.0
-0.7952,-0.0869,-0.0662,-41.5649,-7.988,-6.134,2024-02-12 15:42:11.703,0.0
-0.8147,-0.1055,-0.094,-42.305,-4.4937,-6.0425,2024-02-12 15:42:11.728,0.0
-0.863,-0.1301,-0.0913,-43.5638,0.0076,-5.2872,2024-02-12 15:42:11.737,0.0
-0.9263,-0.1431,-0.0901,-44.8151,3.7079,-1.7776,2024-02-12 15:42:11.753,0.0
-0.949,-0.123,-0.085,-44.7845,-2.0523,1.4114,2024-02-12 15:42:11.785,0.0
-0.9133,-0.1094,-0.0886,-44.0216,-13.9008,4.9515,2024-02-12 15:42:11.793,0.0
-0.8303,-0.0762,-0.1199,-44.6625,-24.3683,5.4016,2024-02-12 15:42:11.809,0.0
-0.7615,-0.0518,-0.0933,-49.7971,-24.8489,2.6245,2024-02-12 15:42:11.825,0.0
-0.73,-0.0652,0.0227,-48.3475,-11.5967,0.1602,2024-02-12 15:42:11.850,0.0
-0.7463,-0.0825,0.1448,-42.7933,2.2659,-0.6332,2024-02-12 15:42:11.866,0.0
-0.8286,-0.064,0.2087,-35.0876,17.0364,1.8158,2024-02-12 15:42:11.890,0.0
-0.9167,-0.04,0.1667,-28.6865,23.7732,5.6229,2024-02-12 15:42:11.907,0.0
-0.9448,-0.0276,0.0713,-28.3737,19.5847,12.619,2024-02-12 15:42:11.924,0.0
-0.9109,0.0254,0.0791,-29.8996,5.4474,17.5171,2024-02-12 15:42:11.942,0.0
-0.8638,0.0571,0.0732,-28.1906,3.1052,19.8669,2024-02-12 15:42:11.957,0.0
-0.8022,0.0879,0.0488,-27.3514,8.4305,19.8059,2024-02-12 15:42:11.974,0.0
-0.7688,0.072,0.033,-27.2141,9.5978,17.7002,2024-02-12 15:42:11.999,0.0
-0.7334,0.0503,0.053,-26.7792,7.5378,15.1901,2024-02-12 15:42:12.024,0.0
-0.7114,0.0242,0.0986,-24.2233,9.3842,11.6348,2024-02-12 15:42:12.024,0.0
-0.7007,0.0139,0.1277,-18.6234,15.274,7.3547,2024-02-12 15:42:12.049,0.0
-0.708,0.0222,0.1143,-13.4354,19.8898,2.739,2024-02-12 15:42:12.074,0.0
-0.7214,0.0347,0.1113,-10.7574,21.5912,-1.7014,2024-02-12 15:42:12.090,0.0
-0.7339,0.0149,0.116,-7.4005,22.5296,-6.1722,2024-02-12 15:42:12.106,0.0
-0.7905,-0.0107,0.155,-3.0212,24.3149,-9.6359,2024-02-12 15:42:12.123,0.0
-0.8599,-0.0371,0.2195,2.5635,21.6293,-11.8713,2024-02-12 15:42:12.139,0.0
-0.9529,-0.0508,0.2336,10.2234,10.0403,-10.9177,2024-02-12 15:42:12.155,0.0
-0.9673,-0.0212,0.0996,16.5482,-0.3738,-5.4169,2024-02-12 15:42:12.175,0.0
-0.9717,0.0195,0.0425,19.8212,-5.8289,-0.2365,2024-02-12 15:42:12.192,0.0
-0.9526,0.071,0.0264,22.2244,-8.194,6.3095,2024-02-12 15:42:12.208,0.0
-0.9014,0.1082,0.0168,24.2081,-0.206,14.0915,2024-02-12 15:42:12.224,0.0
-0.8767,0.0605,-0.0117,25.1617,12.9013,15.2664,2024-02-12 15:42:12.248,0.0
-0.9778,0.106,0.0686,29.2358,14.5493,15.1062,2024-02-12 15:42:12.264,0.0
-1.0,0.0935,0.1152,33.3862,1.0376,14.595,2024-02-12 15:42:12.288,0.0
-0.9119,0.1157,-0.0037,38.5208,-11.9629,7.6447,2024-02-12 15:42:12.305,0.0
-0.8733,0.1333,-0.2231,36.499,-10.7727,-0.7324,2024-02-12 15:42:12.322,0.0
-0.9419,0.157,-0.2961,27.5116,-1.3351,-5.8517,2024-02-12 15:42:12.346,0.0
-1.0828,0.1157,-0.2322,22.6898,-1.6861,-1.6708,2024-02-12 15:42:12.362,0.0
-1.104,0.0215,-0.2791,16.1362,-18.9362,6.6223,2024-02-12 15:42:12.378,0.0
-1.0029,-0.1047,-0.2874,9.2926,-46.4478,9.0485,2024-02-12 15:42:12.394,0.0
-0.8765,-0.2175,-0.1631,10.2997,-67.688,7.6141,2024-02-12 15:42:12.410,0.0
-0.7205,-0.2964,-0.2114,13.1378,-63.9725,2.6703,2024-02-12 15:42:12.450,0.0
-0.6338,-0.1858,-0.1318,13.2294,-51.2924,-1.6556,2024-02-12 15:42:12.450,0.0
-0.5923,-0.1003,-0.0886,12.1613,-32.1198,-5.8212,2024-02-12 15:42:12.466,0.0
-0.6064,-0.0579,-0.1001,5.7373,-10.7574,-15.1901,2024-02-12 15:42:12.495,0.0
-0.6841,-0.054,-0.0649,-1.6098,6.8588,-27.5116,2024-02-12 15:42:12.503,0.0
-0.7881,-0.062,-0.0642,-5.3329,13.5803,-37.4146,2024-02-12 15:42:12.519,0.0
-0.854,-0.073,-0.0603,-10.2539,12.0926,-40.8325,2024-02-12 15:42:12.544,0.0
-0.8582,-0.103,-0.0227,-11.7645,4.715,-42.6025,2024-02-12 15:42:12.576,0.0
-0.8467,-0.137,0.0134,-12.5275,-5.7449,-42.1066,2024-02-12 15:42:12.576,0.0
-0.8149,-0.1699,0.063,-12.97,-13.2675,-37.9486,2024-02-12 15:42:12.584,0.0
-0.7715,-0.177,0.0828,-12.8632,-13.5803,-33.8669,2024-02-12 15:42:12.608,0.0
-0.7395,-0.1545,0.0869,-14.1449,-10.1547,-31.7459,2024-02-12 15:42:12.624,0.0
-0.7349,-0.1426,0.0999,-16.8533,-9.8877,-30.2963,2024-02-12 15:42:12.640,0.0
-0.7241,-0.1404,0.1323,-18.7302,-11.1542,-27.916,2024-02-12 15:42:12.664,0.0
-0.7212,-0.1299,0.146,-19.9127,-10.9406,-22.3007,2024-02-12 15:42:12.684,0.0
-0.709,-0.0886,0.1421,-20.5383,-6.3553,-15.4724,2024-02-12 15:42:12.700,0.0
-0.6836,-0.0435,0.1384,-22.8958,1.9684,-8.2321,2024-02-12 15:42:12.717,0.0
-0.6638,-0.0381,0.1311,-26.3748,12.4893,-2.2125,2024-02-12 15:42:12.733,0.0
-0.6589,-0.0537,0.1792,-29.9072,22.5754,1.5259,2024-02-12 15:42:12.750,0.0
-0.7275,-0.0491,0.2317,-33.8211,31.6391,4.8294,2024-02-12 15:42:12.774,0.0
-0.7969,-0.0654,0.2427,-34.8129,32.486,7.019,2024-02-12 15:42:12.792,0.0
-0.8806,-0.1243,0.2026,-35.7056,24.1547,6.3629,2024-02-12 15:42:12.809,0.0
-0.9834,-0.125,0.2,-37.6892,7.6065,3.0746,2024-02-12 15:42:12.825,0.0
-0.981,-0.1016,0.1658,-39.0244,-13.9694,-4.2572,2024-02-12 15:42:12.850,0.0
-0.9116,-0.1104,0.1438,-42.6331,-29.2587,-18.2877,2024-02-12 15:42:12.866,0.0
-0.8594,-0.1589,0.2478,-46.8445,-31.044,-26.825,2024-02-12 15:42:12.885,0.0
-0.8196,-0.1758,0.3276,-45.0897,-28.1525,-28.1143,2024-02-12 15:42:12.901,0.0
-0.7822,-0.1392,0.2925,-45.5322,-29.1061,-23.2086,2024-02-12 15:42:12.918,0.0
-0.6558,-0.2842,0.1028,-56.2592,-11.2534,-26.0849,2024-02-12 15:42:12.934,0.0
-0.8391,-0.2891,0.1208,-62.7365,41.626,-51.7883,2024-02-12 15:42:12.959,0.0
-1.188,-0.418,0.1995,-51.1398,60.7071,-72.4182,2024-02-12 15:42:12.978,0.0
-1.4856,-0.6555,0.1675,-26.3214,42.099,-63.8199,2024-02-12 15:42:12.986,0.0
-1.4648,-0.5608,0.0535,6.2714,-8.9188,-34.6298,2024-02-12 15:42:13.010,0.0
-1.1597,-0.3181,-0.0007,-5.5161,-53.8025,-12.9013,2024-02-12 15:42:13.027,0.0
-0.7695,-0.4109,0.0234,-6.4468,-61.8973,13.855,2024-02-12 15:42:13.043,0.0
-0.5371,-0.4561,-0.2944,-5.9357,-17.5781,13.8779,2024-02-12 15:42:13.059,0.0
-0.759,-0.1821,-0.3379,-19.6304,16.9983,6.9427,2024-02-12 15:42:13.075,0.0
-0.9636,0.0344,-0.1362,-25.3601,18.4937,5.3406,2024-02-12 15:42:13.100,0.0
-1.0315,0.0977,-0.0393,-17.8986,3.212,11.6959,2024-02-12 15:42:13.116,0.0
-0.998,0.0903,-0.1775,-19.3481,6.9427,17.3569,2024-02-12 15:42:13.142,0.0
-0.9756,-0.0146,-0.1655,-27.6489,13.1454,27.4277,2024-02-12 15:42:13.150,0.0
-0.8938,-0.1348,-0.0725,-27.6108,4.5471,38.2538,2024-02-12 15:42:13.166,0.0
-0.8113,-0.1895,-0.0381,-23.1323,-3.7079,42.2134,2024-02-12 15:42:13.192,0.0
-0.8132,-0.1831,-0.0325,-19.5007,-2.6932,43.2816,2024-02-12 15:42:13.208,0.0
-0.8083,-0.1582,-0.031,-15.4877,-2.5253,46.8674,2024-02-12 15:42:13.224,0.0
-0.7781,-0.0937,0.0437,-13.6108,-10.2921,49.7513,2024-02-12 15:42:13.241,0.0
-0.71,-0.0505,0.1055,-9.0714,-21.7667,47.4243,2024-02-12 15:42:13.258,0.0
-0.6917,-0.0249,0.113,-1.8692,-26.5884,46.0358,2024-02-12 15:42:13.283,0.0
-0.5959,-0.0193,0.0625,4.0588,-27.0996,42.8162,2024-02-12 15:42:13.299,0.0
-0.5022,0.0122,0.071,4.8141,-26.3367,34.9884,2024-02-12 15:42:13.316,0.0
-0.4648,0.0256,0.1196,8.7357,-16.5939,21.4691,2024-02-12 15:42:13.332,0.0
-0.4775,0.0388,0.1309,13.0615,-7.0572,11.3449,2024-02-12 15:42:13.357,0.0
-0.5032,0.0605,0.186,16.3651,2.0905,2.9907,2024-02-12 15:42:13.373,0.0
-0.575,0.0791,0.2695,22.2015,7.2327,-8.0032,2024-02-12 15:42:13.390,0.0
-0.699,0.0623,0.313,28.0914,4.6921,-14.0152,2024-02-12 15:42:13.406,0.0
-0.8301,-0.0254,0.2036,35.3851,-2.449,-15.358,2024-02-12 15:42:13.438,0.0
-0.874,-0.0842,0.1191,39.0091,-18.7683,-11.0931,2024-02-12 15:42:13.446,0.0
-0.8345,-0.1252,0.0078,38.7344,-22.1405,-4.2114,2024-02-12 15:42:13.470,0.0
-0.8733,-0.1599,0.1208,44.1132,15.7166,-1.4343,2024-02-12 15:42:13.486,0.0
-1.0649,-0.1558,0.2854,56.2668,56.8161,2.2507,2024-02-12 15:42:13.523,0.0
-1.1824,-0.0747,0.3186,71.3425,66.3757,10.5743,2024-02-12 15:42:13.523,0.0
-1.1968,0.0718,0.2903,78.9566,52.002,9.9487,2024-02-12 15:42:13.531,0.0
-1.1812,0.1519,0.3264,75.8362,19.9814,8.4686,2024-02-12 15:42:13.548,3.0
-1.0974,0.2192,0.3662,77.8732,-8.812,8.6441,2024-02-12 15:42:13.573,3.0
-1.0044,0.5151,-0.2253,73.2803,18.4784,11.8027,2024-02-12 15:42:13.589,3.0
-1.3997,0.437,-0.2056,30.7541,58.815,13.9084,2024-02-12 15:42:13.605,3.0
-1.2441,0.6028,-0.4668,10.6125,-21.8811,32.1579,2024-02-12 15:42:13.630,3.0
-0.9978,0.4397,-0.864,-24.7498,-59.3567,36.0565,2024-02-12 15:42:13.647,3.0
-0.8167,0.0537,-0.5134,-68.0237,-63.1561,37.5443,2024-02-12 15:42:13.663,3.0
-0.6157,-0.1836,-0.0012,-58.1741,-67.7567,42.2516,2024-02-12 15:42:13.679,3.0
-0.3569,-0.2517,0.123,-35.0189,-51.5213,29.5105,2024-02-12 15:42:13.695,3.0
-0.3586,-0.1499,0.0469,-15.976,0.5188,8.3313,2024-02-12 15:42:13.711,3.0
-0.606,-0.1672,-0.0483,-12.9471,59.5551,-19.2337,2024-02-12 15:42:13.735,3.0
-1.0635,-0.1812,-0.1414,-12.9547,95.6802,-32.3563,2024-02-12 15:42:13.751,3.0
-1.2932,-0.2083,-0.1335,-14.4501,78.4225,-32.3563,2024-02-12 15:42:13.767,3.0
-1.3357,-0.0913,-0.0254,-14.1296,-34.8053,-37.2543,2024-02-12 15:42:13.792,3.0
-1.1453,-0.0085,-0.1028,-17.0975,-118.8812,-22.6669,2024-02-12 15:42:13.808,3.0
-0.6284,0.0659,-0.1138,-24.8108,-128.3875,-14.4501,2024-02-12 15:42:13.819,3.0
-0.2056,0.0945,-0.1101,-34.4772,-93.1244,-20.2255,2024-02-12 15:42:13.835,3.0
-0.2019,0.0686,0.0469,-42.9993,-33.8669,-30.1132,2024-02-12 15:42:13.859,3.0
-0.4021,-0.0122,0.1782,-46.0663,15.1825,-33.371,2024-02-12 15:42:13.876,3.0
-0.6646,-0.1096,0.187,-47.6685,42.5415,-27.2751,2024-02-12 15:42:13.900,3.0
-0.876,-0.1995,0.2129,-45.5475,34.1873,-16.243,2024-02-12 15:42:13.917,3.0
-0.9158,-0.2317,0.21,-39.7568,2.327,-0.6256,2024-02-12 15:42:13.935,3.0
-0.7739,-0.1978,0.2119,-35.1257,-15.6326,12.8784,2024-02-12 15:42:13.943,3.0
-0.5574,-0.0879,0.2183,-28.0304,-13.3438,20.9274,2024-02-12 15:42:13.968,3.0
-0.552,-0.0786,0.2471,-24.8566,7.9727,19.043,2024-02-12 15:42:13.984,3.0
-0.6719,-0.0759,0.2358,-26.5427,28.2898,14.9994,2024-02-12 15:42:14.000,3.0
-0.8362,-0.085,0.2129,-26.0315,28.9459,8.5983,2024-02-12 15:42:14.019,3.0
-0.9602,-0.0393,0.1711,-26.7334,18.8599,1.4191,2024-02-12 15:42:14.035,3.0
-0.9976,-0.0232,0.1565,-26.9394,1.5411,-5.9509,2024-02-12 15:42:14.059,3.0
-0.9836,-0.0527,0.1299,-31.0898,-13.6642,-17.662,2024-02-12 15:42:14.076,3.0
-0.9297,-0.0896,0.209,-36.7203,-24.2996,-24.6582,2024-02-12 15:42:14.092,3.0
-0.8911,-0.0552,0.2991,-39.7339,-21.7819,-28.4195,2024-02-12 15:42:14.109,3.0
-0.9299,-0.0005,0.3176,-45.2499,5.2414,-25.5966,2024-02-12 15:42:14.133,3.0
-0.9792,-0.0461,0.2673,-53.093,17.6163,-21.0953,2024-02-12 15:42:14.157,3.0
-1.0273,-0.2065,0.2671,-57.8079,-5.5771,-7.7667,2024-02-12 15:42:14.165,3.0
-0.8472,-0.4055,0.1274,-62.0422,-23.2391,8.3694,2024-02-12 15:42:14.190,3.0
-0.7043,-0.7158,0.052,-65.4068,39.711,-24.5056,2024-02-12 15:42:14.207,3.0
-1.3325,-0.3643,0.3748,-16.9678,85.5408,-74.3637,2024-02-12 15:42:14.223,3.0
-1.5203,-0.8293,-0.269,4.2725,38.8107,-38.6429,2024-02-12 15:42:14.239,3.0
-1.0945,-0.322,-0.3308,30.4718,-53.1235,-35.7437,2024-02-12 15:42:14.255,3.0
-0.8389,0.1919,-0.2451,21.3623,-83.0994,-32.8903,2024-02-12 15:42:14.287,3.0
-0.6492,0.1719,-0.0339,11.3449,-52.4063,-9.4147,2024-02-12 15:42:14.303,3.0
-0.5647,-0.074,0.1819,14.4958,-0.7858,6.4392,2024-02-12 15:42:14.311,3.0
-0.6851,-0.1526,0.1094,23.6893,37.2772,20.607,2024-02-12 15:42:14.327,3.0
-0.855,-0.1907,0.1025,30.983,46.0205,26.1612,2024-02-12 15:42:14.351,3.0
-1.0767,-0.1414,0.0962,46.8903,48.2178,21.2555,2024-02-12 15:42:14.367,3.0
-1.2502,-0.1138,0.0388,51.7578,22.8195,22.6974,2024-02-12 15:42:14.391,3.0
-1.2097,-0.0745,0.072,53.1464,-24.6964,34.7595,2024-02-12 15:42:14.408,3.0
-0.8633,-0.1255,0.0754,56.3126,-64.6439,40.3061,2024-02-12 15:42:14.425,3.0
-0.5137,-0.1543,0.0388,55.6412,-65.1779,35.9955,2024-02-12 15:42:14.441,3.0
-0.3604,-0.1458,0.1216,52.8793,-35.0952,29.1367,2024-02-12 15:42:14.467,3.0
-0.3975,-0.0896,0.1782,52.6276,1.7776,21.2173,2024-02-12 15:42:14.483,3.0
-0.5806,-0.0027,0.2354,51.5823,24.025,12.5504,2024-02-12 15:42:14.499,3.0
-0.7283,0.0937,0.1797,51.0101,23.0331,6.7825,2024-02-12 15:42:14.515,3.0
-0.7498,0.1643,0.1199,46.9742,9.8724,3.1815,2024-02-12 15:42:14.532,3.0
-0.6794,0.189,0.0854,39.505,-2.9907,-2.2125,2024-02-12 15:42:14.548,3.0
-0.5911,0.1536,0.1421,31.5475,-6.3858,-6.7596,2024-02-12 15:42:14.565,3.0
-0.5217,0.0869,0.1777,26.6342,1.2207,-12.4359,2024-02-12 15:42:14.589,3.0
-0.5681,0.0593,0.1814,22.3007,14.2899,-16.1285,2024-02-12 15:42:14.606,3.0
-0.6782,0.0784,0.1807,18.9056,26.1917,-18.219,2024-02-12 15:42:14.622,3.0
-0.8311,0.0959,0.0999,16.9449,39.8407,-13.8092,2024-02-12 15:42:14.638,3.0
-0.9438,0.0247,0.0859,11.94,43.1061,-7.7591,2024-02-12 15:42:14.665,3.0
-1.0647,-0.0549,0.0808,11.5433,45.8679,-1.4496,2024-02-12 15:42:14.682,3.0
-1.0945,-0.0989,0.1584,12.8784,46.8597,5.5389,2024-02-12 15:42:14.698,3.0
-1.0938,-0.0442,0.3201,20.0195,44.7464,6.1951,2024-02-12 15:42:14.722,3.0
-1.0186,-0.0159,0.3569,29.0985,39.1617,2.8839,2024-02-12 15:42:14.738,3.0
-0.9719,0.0142,0.3633,36.1252,28.5263,-0.3128,2024-02-12 15:42:14.746,3.0
-0.9807,0.1104,0.387,40.7486,19.2184,0.145,2024-02-12 15:42:14.770,3.0
-0.8779,0.2527,0.1794,44.0292,17.2272,0.3586,2024-02-12 15:42:14.786,3.0
-0.9692,0.3254,-0.4148,31.2653,59.0591,-1.6861,2024-02-12 15:42:14.810,3.0
-1.5112,0.4001,-0.3286,3.6774,115.2573,13.1912,2024-02-12 15:42:14.818,3.0
-1.623,0.5039,-0.5312,-22.2778,43.7927,49.324,2024-02-12 15:42:14.842,3.0
-1.2419,0.1899,-0.9395,-65.5136,-57.8232,57.251,2024-02-12 15:42:14.862,3.0
-0.938,-0.2307,-0.449,-94.6274,-122.0245,60.6995,2024-02-12 15:42:14.878,3.0
-0.4839,-0.3687,0.05,-67.627,-137.9089,53.7186,2024-02-12 15:42:14.894,3.0
-0.3145,-0.3301,0.0295,-39.3677,-85.8459,31.044,2024-02-12 15:42:14.910,3.0
-0.2898,-0.1995,-0.0928,-26.474,-17.7612,1.976,2024-02-12 15:42:14.935,3.0
-0.5171,-0.1445,-0.1111,-30.9143,32.9056,-24.2386,2024-02-12 15:42:14.951,3.0
-0.9656,-0.1179,-0.0598,-34.935,56.6254,-33.2794,2024-02-12 15:42:14.967,3.0
-1.1582,-0.0508,-0.0322,-40.7028,51.8265,-27.1606,2024-02-12 15:42:14.991,3.0
-1.0439,-0.022,-0.0378,-46.8369,-20.6909,-36.2473,2024-02-12 15:42:15.008,3.0
-0.9048,0.0203,-0.0935,-51.4221,-77.9877,-35.4233,2024-02-12 15:42:15.025,3.0
-0.4817,0.0427,-0.0171,-53.7491,-89.6072,-28.2745,2024-02-12 15:42:15.041,3.0
-0.1516,-0.0283,-0.0564,-55.687,-54.6188,-36.1023,2024-02-12 15:42:15.057,3.0
-0.354,-0.0771,0.1489,-54.6494,7.7438,-38.6658,2024-02-12 15:42:15.073,3.0
-0.5986,-0.156,0.2654,-51.2772,52.8183,-38.9786,2024-02-12 15:42:15.098,3.0
-0.8738,-0.2649,0.2974,-48.9731,59.166,-36.0565,2024-02-12 15:42:15.114,3.0
-1.0776,-0.3408,0.2878,-38.2385,24.6353,-21.0571,2024-02-12 15:42:15.143,3.0
-0.9417,-0.2268,0.2278,-26.947,-14.9536,-8.0872,2024-02-12 15:42:15.151,3.0
-0.7629,-0.1218,0.1404,-23.8266,-34.256,-0.679,2024-02-12 15:42:15.168,3.0
-0.5725,-0.071,0.1848,-23.5748,-24.765,4.8981,2024-02-12 15:42:15.184,3.0
-0.5005,-0.0535,0.2651,-24.3149,4.2725,6.3629,2024-02-12 15:42:15.200,3.0
-0.6145,-0.0889,0.2849,-14.4958,32.6691,6.34,2024-02-12 15:42:15.224,3.0
-0.7983,-0.1851,0.2969,-9.3307,36.7737,4.8676,2024-02-12 15:42:15.242,3.0
-0.8977,-0.2451,0.1941,-9.2545,19.0125,-3.9825,2024-02-12 15:42:15.267,3.0
-1.0449,-0.083,0.1511,-11.1618,0.9079,-7.2937,2024-02-12 15:42:15.275,3.0
-0.9351,0.072,0.0569,-13.2751,-11.1542,-9.7351,2024-02-12 15:42:15.299,3.0
-0.8857,-0.0688,0.1895,-21.9803,0.7401,-18.7683,2024-02-12 15:42:15.316,3.0
-0.9119,-0.1895,0.406,-18.6005,17.8986,-22.2168,2024-02-12 15:42:15.332,3.0
-0.97,-0.1577,0.4346,-12.6114,18.0283,-19.6762,2024-02-12 15:42:15.349,3.0
-0.9312,-0.0869,0.3796,-15.6021,3.3035,-15.7928,2024-02-12 15:42:15.371,3.0
-0.7568,-0.2568,0.1699,-29.2053,-4.2267,-18.9133,2024-02-12 15:42:15.392,3.0
-0.759,-0.3748,0.0781,-29.4571,40.3366,-41.6031,2024-02-12 15:42:15.400,3.0
-1.1875,-0.5305,0.0569,3.2043,76.9806,-86.5784,2024-02-12 15:42:15.424,3.0
-1.3984,-0.7598,-0.1184,24.6353,57.3807,-65.7959,2024-02-12 15:42:15.441,3.0
-1.2878,-0.3853,-0.3606,41.9006,-13.3209,-53.0777,2024-02-12 15:42:15.465,3.0
-1.1531,-0.084,-0.3276,34.8892,-68.0313,-34.9503,2024-02-12 15:42:15.480,3.0
-0.8738,0.0684,-0.2559,25.8331,-89.5309,-3.4561,2024-02-12 15:42:15.489,3.0
-0.675,0.0422,-0.0872,23.3231,-52.0935,19.3634,2024-02-12 15:42:15.512,3.0
-0.6765,-0.0342,-0.0371,27.9083,8.4305,30.4413,2024-02-12 15:42:15.529,3.0
-0.8784,-0.0398,-0.1016,23.7961,47.905,28.4271,2024-02-12 15:42:15.545,3.0
-1.103,-0.0437,-0.0168,21.8658,48.3932,24.5895,2024-02-12 15:42:15.570,3.0
-1.2537,-0.1001,0.134,24.971,3.83,33.287,2024-02-12 15:42:15.586,3.0
-1.1118,-0.1831,0.1062,32.3257,-45.784,47.2717,2024-02-12 15:42:15.602,3.0
-0.8528,-0.2336,0.0842,38.3911,-73.9517,53.2455,2024-02-12 15:42:15.619,3.0
-0.5635,-0.2104,-0.0054,40.9088,-66.3223,49.1257,2024-02-12 15:42:15.635,3.0
-0.4167,-0.1279,0.0662,40.6418,-30.2124,36.1176,2024-02-12 15:42:15.659,3.0
-0.501,-0.0576,0.1235,43.6172,3.2654,27.9694,2024-02-12 15:42:15.675,3.0
-0.6301,-0.0049,0.1396,46.7758,21.1029,23.2468,2024-02-12 15:42:15.699,3.0
-0.6943,0.0193,0.0828,47.1191,18.0893,20.3934,2024-02-12 15:42:15.716,3.0
-0.7222,0.0337,0.1387,43.7317,3.6621,17.9749,2024-02-12 15:42:15.733,3.0
-0.5583,0.0459,0.0786,40.3061,5.4016,11.7035,2024-02-12 15:42:15.749,3.0
-0.4954,0.0776,0.1555,38.3453,15.5563,3.5019,2024-02-12 15:42:15.765,3.0
-0.5281,0.1462,0.2139,37.3077,31.9672,-5.5389,2024-02-12 15:42:15.782,3.0
-0.5894,0.1611,0.2644,36.4914,42.0914,-13.7939,2024-02-12 15:42:15.806,3.0
-0.7283,0.1052,0.2812,34.0805,42.305,-20.7062,2024-02-12 15:42:15.823,3.0
-0.9143,0.1077,0.2783,33.2031,30.3802,-19.3939,2024-02-12 15:42:15.839,3.0
-1.0042,0.158,0.2161,33.2336,8.194,-9.3842,2024-02-12 15:42:15.855,3.0
-0.9036,0.0752,0.0261,23.0103,-18.8446,-1.2741,2024-02-12 15:42:15.872,3.0
-0.821,0.0239,0.0457,12.3062,-21.0571,-1.0223,2024-02-12 15:42:15.888,3.0
-0.8647,-0.0273,0.176,12.3215,26.6037,-2.8305,2024-02-12 15:42:15.912,3.0
-0.9634,0.0176,0.2917,19.9203,64.1251,-3.3417,2024-02-12 15:42:15.937,3.0
-1.0842,0.1055,0.3638,31.8527,66.8488,1.2512,2024-02-12 15:42:15.945,3.0
-1.1023,0.1287,0.3181,33.3176,39.1846,10.3378,2024-02-12 15:42:15.969,3.0
-0.9468,0.1548,0.2297,33.4396,8.4763,10.2463,2024-02-12 15:42:15.985,3.0
-0.9946,0.1296,-0.1326,30.7388,40.2527,9.552,2024-02-12 15:42:16.002,3.0
-1.3074,0.2566,-0.0083,15.3427,72.876,15.7166,2024-02-12 15:42:16.020,3.0
-1.1802,0.4434,-0.6443,-3.6774,13.504,33.9508,2024-02-12 15:42:16.040,3.0
-1.0349,0.2876,-0.8828,-46.1197,-16.7923,42.4423,2024-02-12 15:42:16.056,3.0
-0.9404,0.0159,-0.4421,-64.7125,-36.9339,55.5038,2024-02-12 15:42:16.072,3.0
-0.696,-0.2463,-0.2151,-58.1436,-44.3115,57.3425,2024-02-12 15:42:16.089,3.0
-0.5513,-0.2717,-0.0059,-39.8331,-22.2549,35.0494,2024-02-12 15:42:16.113,3.0
-0.635,-0.1819,0.0789,-26.825,4.1809,7.0648,2024-02-12 15:42:16.122,3.0
-0.8174,-0.1768,0.0107,-26.3824,12.6877,-19.0277,2024-02-12 15:42:16.145,3.0
-1.1895,-0.2166,-0.0952,-28.3737,12.3367,-28.9001,2024-02-12 15:42:16.161,3.0
-1.2083,-0.1094,-0.0962,-36.7508,-12.2299,-25.2838,2024-02-12 15:42:16.186,3.0
-1.0574,0.0105,-0.1082,-44.0216,-75.4318,-26.2909,2024-02-12 15:42:16.205,3.0
-0.8467,0.1228,-0.1091,-50.9796,-107.0099,-18.8446,2024-02-12 15:42:16.214,3.0
-0.426,0.1694,-0.1064,-60.112,-94.3909,-18.4021,2024-02-12 15:42:16.238,3.0
-0.2346,0.1057,-0.0378,-67.009,-64.2014,-26.8097,2024-02-12 15:42:16.254,3.0
-0.2349,-0.0332,0.0742,-70.1981,-10.2539,-36.7813,2024-02-12 15:42:16.270,3.0
-0.594,-0.1931,0.2722,-68.2373,45.1126,-40.7791,2024-02-12 15:42:16.294,3.0
-0.7886,-0.2786,0.2139,-63.4995,63.0417,-37.1628,2024-02-12 15:42:16.314,3.0
-0.9583,-0.2893,0.2214,-56.9763,37.5061,-29.6097,2024-02-12 15:42:16.330,3.0
-0.9114,-0.2415,0.1934,-46.3257,-7.4387,-12.291,2024-02-12 15:42:16.347,3.0
-0.7021,-0.1208,0.2361,-40.6189,-22.4304,-1.3123,2024-02-12 15:42:16.363,3.0
-0.5481,-0.0857,0.2795,-34.6375,-7.5378,5.2719,2024-02-12 15:42:16.379,3.0
-0.4856,-0.0813,0.2463,-29.5029,24.7345,8.8196,2024-02-12 15:42:16.411,3.0
-0.5601,-0.1123,0.2,-25.0244,48.3856,7.9346,2024-02-12 15:42:16.420,3.0
-0.7646,-0.1201,0.2483,-22.1558,56.8542,5.8365,2024-02-12 15:42:16.436,3.0
-0.9341,-0.1504,0.2817,-21.7438,50.0183,6.0959,2024-02-12 15:42:16.452,3.0
-1.0066,-0.1101,0.1714,-21.0571,34.7061,-0.2518,2024-02-12 15:42:16.476,3.0
-1.0786,0.042,0.0176,-26.6495,11.5891,-1.0681,2024-02-12 15:42:16.484,3.0
-0.9258,0.0576,-0.0383,-36.7432,-13.4964,-5.1346,2024-02-12 15:42:16.509,3.0
-0.8569,-0.0969,0.1709,-43.8919,-10.3149,-12.7945,2024-02-12 15:42:16.533,3.0
-0.8953,-0.0754,0.3972,-42.8696,12.2147,-14.3127,2024-02-12 15:42:16.583,3.0
-0.9854,-0.0017,0.415,-43.8995,18.1885,-10.1395,2024-02-12 15:42:16.591,3.0
-0.9397,-0.0449,0.2764,-48.0804,16.3116,-5.7602,2024-02-12 15:42:16.591,3.0
-0.7432,-0.4172,0.0811,-54.8325,33.5617,-15.9454,2024-02-12 15:42:16.599,3.0
-0.967,-0.2791,0.3416,-32.6233,76.2711,-55.3818,2024-02-12 15:42:16.634,3.0
-1.3757,-0.5159,0.186,-9.5901,85.8688,-57.9376,2024-02-12 15:42:16.634,3.0
-1.3079,-0.8293,-0.0034,24.8184,69.7174,-48.584,2024-02-12 15:42:16.674,3.0
-1.2288,-0.6836,-0.2522,53.4439,-1.976,-42.6178,2024-02-12 15:42:16.674,3.0
-1.0046,-0.3792,-0.2935,51.5594,-58.3038,-33.7677,2024-02-12 15:42:16.708,3.0
-0.6938,-0.1621,-0.2886,49.6979,-84.3887,-17.5705,2024-02-12 15:42:16.708,3.0
-0.5063,-0.0896,-0.3938,44.2047,-67.0624,-5.188,2024-02-12 15:42:16.726,3.0
-0.5693,0.0242,-0.3147,35.5835,-22.377,3.746,2024-02-12 15:42:16.742,3.0
-0.7622,0.1296,-0.0937,32.4097,16.9754,7.5073,2024-02-12 15:42:16.759,3.0
-1.0056,0.1562,-0.0776,38.3987,33.5007,9.1019,2024-02-12 15:42:16.783,3.0
-1.1643,0.0369,-0.207,37.5366,19.3176,17.0517,2024-02-12 15:42:16.800,3.0
-1.0813,-0.1138,-0.0969,34.0805,-24.6582,24.9634,2024-02-12 15:42:16.818,3.0
-0.9199,-0.2737,0.022,42.1982,-56.8008,30.6625,2024-02-12 15:42:16.834,3.0
-0.7703,-0.3447,0.0125,54.1077,-40.9241,36.377,2024-02-12 15:42:16.851,3.0
-0.697,-0.3081,-0.01,63.7512,-3.7155,37.9791,2024-02-12 15:42:16.875,3.0
-0.7146,-0.1689,0.0146,69.4504,14.6179,37.8952,2024-02-12 15:42:16.891,3.0
-0.814,-0.0471,0.0549,73.9059,15.6174,35.9497,2024-02-12 15:42:16.908,3.0
-0.8562,0.0134,0.0251,75.3326,7.9803,37.6511,2024-02-12 15:42:16.924,3.0
-0.8108,0.0515,-0.0122,72.4792,-7.4463,38.5513,2024-02-12 15:42:16.945,3.0
-0.7168,0.1252,0.0396,69.2139,-16.3879,36.5143,2024-02-12 15:42:16.962,3.0
-0.5872,0.1873,0.0544,65.5365,-12.2681,31.5857,2024-02-12 15:42:16.978,3.0
-0.4424,0.2053,0.0405,58.7006,5.7144,22.7814,2024-02-12 15:42:16.994,3.0
-0.4019,0.1912,0.0408,49.8734,29.1519,7.8735,2024-02-12 15:42:17.018,3.0
-0.5168,0.1631,0.2273,41.6183,45.8069,-5.9662,2024-02-12 15:42:17.026,3.0
-0.6494,0.0959,0.2849,37.6129,52.6505,-12.9395,2024-02-12 15:42:17.053,3.0
-0.7944,0.0818,0.2944,35.1868,33.6838,-19.249,2024-02-12 15:42:17.078,3.0
-0.9333,0.1289,0.1602,32.6614,2.7924,-16.7313,2024-02-12 15:42:17.094,3.0
-0.9648,0.1558,-0.0732,24.0021,-19.4092,1.5945,2024-02-12 15:42:17.102,3.0
-0.7175,0.1643,-0.166,-0.3662,-24.025,4.3411,2024-02-12 15:42:17.118,3.0
-0.7522,0.1086,0.1035,-10.6125,6.546,-4.6921,2024-02-12 15:42:17.150,3.0
-0.8962,-0.064,0.3125,-7.8125,48.3093,-9.903,2024-02-12 15:42:17.159,3.0
-0.9978,-0.0317,0.3982,5.9891,58.5556,-16.1133,2024-02-12 15:42:17.183,3.0
-1.1113,0.1797,0.2485,18.9438,52.5284,-12.4588,2024-02-12 15:42:17.191,3.0
-1.2327,0.1646,0.0073,8.3923,64.4913,-4.9515,2024-02-12 15:42:17.217,3.0
-1.4883,0.0642,0.0669,-2.4033,54.1611,4.4174,2024-02-12 15:42:17.235,3.0
-1.4075,0.2944,-0.2964,-7.4692,8.2092,28.2898,2024-02-12 15:42:17.251,3.0
-1.2107,0.4587,-0.6028,-30.7846,-31.395,40.3976,2024-02-12 15:42:17.266,3.0
-1.0188,0.2878,-0.5471,-57.991,-63.6597,54.3671,2024-02-12 15:42:17.283,3.0
-0.6777,-0.0034,-0.4167,-64.7888,-93.8568,64.2548,2024-02-12 15:42:17.307,3.0
-0.3997,-0.3196,-0.3477,-65.0482,-99.2126,52.887,2024-02-12 15:42:17.323,3.0
-0.2078,-0.3606,0.0139,-56.0913,-78.8193,26.2451,2024-02-12 15:42:17.339,3.0
-0.354,-0.3184,0.2256,-35.3775,-27.3514,-1.3199,2024-02-12 15:42:17.355,3.0
-0.7021,-0.2417,-0.0149,-30.2963,39.5966,-13.7634,2024-02-12 15:42:17.379,3.0
-0.9158,-0.1201,-0.1592,-39.093,64.0793,-19.3405,2024-02-12 15:42:17.395,3.0
-1.0635,-0.0095,-0.1611,-52.4216,10.5362,-33.3862,2024-02-12 15:42:17.412,3.0
-1.0073,0.1018,-0.1682,-66.4444,-65.4449,-51.1703,2024-02-12 15:42:17.436,3.0
-0.7983,0.1675,-0.1392,-74.6002,-120.8801,-49.675,2024-02-12 15:42:17.452,3.0
-0.4321,0.2126,0.0498,-79.9255,-118.309,-43.9072,2024-02-12 15:42:17.469,3.0
-0.2878,0.1646,0.3105,-72.7463,-54.5807,-43.0756,2024-02-12 15:42:17.485,3.0
-0.5295,-0.116,0.3975,-63.9496,56.572,-40.5426,2024-02-12 15:42:17.501,3.0
-0.9607,-0.3984,0.2424,-61.5768,156.9443,-38.887,2024-02-12 15:42:17.526,3.0
-1.3464,-0.5391,0.1353,-57.0984,156.1966,-40.0085,2024-02-12 15:42:17.542,3.0
-1.7432,-0.5142,0.1877,-38.3987,36.0718,-20.9045,2024-02-12 15:42:17.558,3.0
-1.3396,-0.2498,0.1763,-19.9051,-74.6002,-2.6398,2024-02-12 15:42:17.574,3.0
-0.7454,-0.0662,0.1345,-14.6103,-77.4155,-2.9144,2024-02-12 15:42:17.599,3.0
-0.429,0.0903,0.1206,-18.1351,-32.8217,-8.2703,2024-02-12 15:42:17.607,3.0
-0.3711,0.1248,0.1074,-28.3432,19.9356,-12.8098,2024-02-12 15:42:17.631,3.0
-0.4753,0.0068,0.1992,-35.4004,79.4601,-8.8425,2024-02-12 15:42:17.650,3.0
-0.6738,-0.0989,0.21,-32.0435,109.0546,-2.3575,2024-02-12 15:42:17.668,3.0
-0.8423,-0.1833,0.1357,-30.6015,74.8672,1.1368,2024-02-12 15:42:17.684,3.0
-0.95,-0.2659,0.1025,-35.7666,15.686,5.4321,2024-02-12 15:42:17.708,3.0
-0.906,-0.1606,0.0491,-34.9579,-29.335,15.2283,2024-02-12 15:42:17.716,3.0
-0.6653,0.0315,0.0063,-31.2881,-38.0859,24.559,2024-02-12 15:42:17.740,3.0
-0.5007,0.0154,0.0959,-30.5786,-13.6566,17.8452,2024-02-12 15:42:17.757,3.0
-0.5171,-0.1299,0.3342,-24.8184,21.6141,-2.1744,2024-02-12 15:42:17.774,3.0
-0.835,-0.2886,0.4392,-10.6888,36.3235,-9.1324,2024-02-12 15:42:17.798,3.0
-0.886,-0.5718,0.0813,-6.8665,45.8221,-19.0048,2024-02-12 15:42:17.814,3.0
-1.1418,-0.2827,0.1277,22.9492,57.9147,-58.6624,2024-02-12 15:42:17.831,3.0
-1.5513,-0.5369,-0.3098,27.0157,31.311,-58.1055,2024-02-12 15:42:17.863,3.0
-1.2891,-0.6211,-0.2737,54.6722,0.8392,-33.3328,2024-02-12 15:42:17.871,3.0
-1.1182,-0.3796,-0.3948,58.5022,-47.6913,-36.5219,2024-02-12 15:42:17.887,3.0
-0.9185,-0.0676,-0.283,56.1676,-88.707,-27.7634,2024-02-12 15:42:17.903,3.0
-0.5725,0.0222,-0.2834,48.2635,-94.3832,-18.8828,2024-02-12 15:42:17.919,3.0
-0.3777,0.0796,-0.0754,28.6484,-64.27,-9.2163,2024-02-12 15:42:17.943,3.0
-0.4377,0.0696,0.1648,30.0217,-24.2538,4.921,2024-02-12 15:42:17.959,3.0
-0.595,0.0015,0.1719,45.7611,12.2147,10.4599,2024-02-12 15:42:17.976,3.0
-0.9207,-0.0327,-0.0005,50.6439,38.5742,-0.8011,2024-02-12 15:42:17.993,3.0
-1.2456,-0.0466,-0.0022,48.584,13.9999,9.3536,2024-02-12 15:42:18.009,3.0
-1.1406,-0.1484,0.0703,48.6145,-46.0358,37.9944,2024-02-12 15:42:18.033,3.0
-0.6897,-0.1504,0.0378,51.0559,-74.8825,43.2892,2024-02-12 15:42:18.041,3.0
-0.3535,-0.1584,0.0479,46.257,-40.3366,19.8135,2024-02-12 15:42:18.069,3.0
-0.6255,-0.1404,0.1794,53.3066,50.8194,-4.097,2024-02-12 15:42:18.093,3.0
-1.0339,-0.1252,0.1484,59.7076,89.6912,-3.6469,2024-02-12 15:42:18.101,3.0
-1.3535,-0.1787,0.0801,65.2084,85.289,5.0201,2024-02-12 15:42:18.126,3.0
-1.5293,-0.1794,0.114,65.9866,49.6368,19.165,2024-02-12 15:42:18.143,3.0
-1.3601,-0.106,0.106,66.3223,14.1068,31.1661,2024-02-12 15:42:18.166,3.0
-1.0801,-0.0078,0.0901,65.3687,0.9613,36.4532,2024-02-12 15:42:18.174,3.0
-0.7937,0.0791,0.1011,64.3845,3.1586,36.3541,2024-02-12 15:42:18.199,3.0
-0.6145,0.1006,0.1189,62.1567,5.4474,33.0048,2024-02-12 15:42:18.216,3.0
-0.552,0.1099,0.189,58.9523,9.0256,25.4288,2024-02-12 15:42:18.232,3.0
-0.5166,0.0886,0.2095,59.1507,13.2065,13.5651,2024-02-12 15:42:18.248,3.0
-0.5049,0.1399,0.1067,59.5245,16.8228,2.4185,2024-02-12 15:42:18.274,3.0
-0.4341,0.0342,-0.0979,52.124,5.1117,-6.424,2024-02-12 15:42:18.282,3.0
-0.3948,0.0059,-0.1289,41.2216,-0.9918,-17.5171,2024-02-12 15:42:18.307,3.0
-0.5269,-0.02,-0.0698,27.7328,29.3503,-22.2473,2024-02-12 15:42:18.323,3.0
-0.8367,-0.0232,0.1453,17.9977,69.0079,-10.8337,2024-02-12 15:42:18.340,3.0
-0.998,0.0618,0.2837,20.6528,77.6596,-1.1368,2024-02-12 15:42:18.364,3.0
-1.1089,0.1482,0.2405,19.2337,44.0903,8.1253,2024-02-12 15:42:18.380,3.0
-1.0486,0.1382,0.2529,11.3373,-13.5956,10.1395,2024-02-12 15:42:18.396,3.0
-0.8203,0.2754,-0.0654,7.5073,-28.4348,8.7509,2024-02-12 15:42:18.412,3.0
-0.9209,0.0801,-0.2588,-17.8375,36.6898,-6.1798,2024-02-12 15:42:18.436,3.0
-1.1748,0.2122,-0.0669,-23.8647,62.8815,-7.0038,2024-02-12 15:42:18.452,3.0
-1.2715,0.2908,-0.6414,-32.1426,55.3894,4.9515,2024-02-12 15:42:18.468,3.0
-1.3286,0.1868,-0.7976,-64.1937,18.2495,22.171,2024-02-12 15:42:18.492,3.0
-1.1128,-0.0156,-0.52,-83.3893,-55.481,45.0592,2024-02-12 15:42:18.508,3.0
-0.6279,-0.2109,-0.1682,-85.5484,-115.387,53.5431,2024-02-12 15:42:18.524,3.0
-0.2524,-0.2546,0.0828,-69.8471,-109.314,34.3475,2024-02-12 15:42:18.541,3.0
-0.2112,-0.3005,0.1973,-51.9638,-57.4646,2.121,2024-02-12 15:42:18.557,3.0
-0.4746,-0.2751,0.0979,-35.4462,6.5155,-33.8821,2024-02-12 15:42:18.590,3.0
-1.0725,-0.2371,-0.1919,-40.4816,43.9377,-34.4925,2024-02-12 15:42:18.598,3.0
-1.1763,-0.1189,-0.1191,-53.0167,3.1052,-35.0189,2024-02-12 15:42:18.614,3.0
-1.114,0.0444,-0.0181,-55.0995,-90.7211,-39.8788,2024-02-12 15:42:18.638,3.0
-0.769,0.1248,-0.1003,-59.9899,-144.5312,-32.8064,2024-02-12 15:42:18.654,3.0
-0.3704,0.1096,-0.0393,-66.3528,-139.5035,-30.365,2024-02-12 15:42:18.678,3.0
-0.189,0.0801,0.1433,-66.2155,-74.791,-30.426,2024-02-12 15:42:18.694,3.0
-0.3232,-0.0112,0.2849,-63.2629,12.413,-31.189,2024-02-12 15:42:18.710,3.0
-0.7678,-0.2119,0.2429,-66.803,103.4851,-34.2255,2024-02-12 15:42:18.734,3.0
-1.2871,-0.3706,0.1846,-67.3599,131.9733,-36.5677,2024-02-12 15:42:18.750,3.0
-1.626,-0.4248,0.2266,-57.9376,74.9664,-22.6746,2024-02-12 15:42:18.767,3.0
-1.4404,-0.3059,0.2283,-37.6587,-26.825,-2.9526,2024-02-12 15:42:18.791,3.0
-0.9438,-0.1819,0.2097,-27.3209,-57.8308,1.6632,2024-02-12 15:42:18.808,3.0
-0.6541,-0.147,0.2266,-26.2909,-28.595,-3.5858,2024-02-12 15:42:18.816,3.0
-0.5283,-0.1372,0.1865,-28.9612,14.2136,-10.0784,2024-02-12 15:42:18.832,3.0
-0.615,-0.0967,0.1404,-28.7323,57.991,-10.9482,2024-02-12 15:42:18.857,3.0
-0.8577,-0.136,0.1995,-26.5121,82.55,-4.0665,2024-02-12 15:42:18.881,3.0
-1.0156,-0.1436,0.3328,-27.1759,74.9588,5.7297,2024-02-12 15:42:18.897,3.0
-0.9761,-0.1472,0.2129,-26.947,19.5618,12.8784,2024-02-12 15:42:18.905,3.0
-0.8926,-0.1143,-0.0095,-24.025,-18.5394,12.5046,2024-02-12 15:42:18.930,3.0
-0.7061,0.0198,-0.0076,-22.8424,-25.8865,19.1269,2024-02-12 15:42:18.946,3.0
-0.5312,0.0886,0.1721,-25.6805,-16.304,10.5667,2024-02-12 15:42:18.979,3.0
-0.5713,-0.1316,0.3684,-21.843,2.2049,-9.6893,2024-02-12 15:42:18.987,3.0
-0.7344,-0.2385,0.4607,-13.9694,5.8365,-15.7623,2024-02-12 15:42:19.006,3.0
-0.7717,-0.1365,0.3643,-13.6185,-19.9356,-13.7711,2024-02-12 15:42:19.022,3.0
-0.4724,-0.5999,-0.1091,-29.8691,-2.9984,-25.9552,2024-02-12 15:42:19.046,3.0
-0.6404,-0.325,0.0728,-9.7275,68.8324,-71.2128,2024-02-12 15:42:19.095,3.0
-1.1858,-0.4026,-0.1831,22.2092,78.6972,-79.9713,2024-02-12 15:42:19.119,3.0
-1.3435,-0.5271,-0.4868,36.3693,61.5387,-45.9747,2024-02-12 15:42:19.120,3.0
-1.2295,-0.2896,-0.4106,50.7812,3.9291,-32.8217,2024-02-12 15:42:19.128,3.0
-1.1694,-0.3398,-0.2175,60.791,-32.4402,-23.674,2024-02-12 15:42:19.128,3.0
-1.1316,-0.3057,-0.1284,60.0052,-46.7072,-3.067,2024-02-12 15:42:19.136,3.0
-1.0017,-0.3225,-0.0198,57.8461,-50.4837,23.5748,2024-02-12 15:42:19.152,3.0
-1.0034,-0.2446,-0.0845,61.348,-44.0674,37.9028,2024-02-12 15:42:19.169,3.0
-1.0356,-0.052,-0.0974,55.4962,-50.9186,42.4423,2024-02-12 15:42:19.220,3.0
-1.0298,0.0823,0.0093,58.0063,-68.7485,43.663,2024-02-12 15:42:19.220,3.0
-0.8286,0.1443,-0.1033,55.3207,-67.009,42.7094,2024-02-12 15:42:19.228,3.0
-0.625,0.0686,-0.1851,47.5616,-48.0652,36.2244,2024-02-12 15:42:19.244,3.0
-0.5647,-0.0659,-0.1226,44.8303,-21.2708,32.6385,2024-02-12 15:42:19.252,3.0
-0.4343,-0.1794,-0.061,42.6331,2.3499,25.7339,2024-02-12 15:42:19.268,3.0
-0.4963,-0.2297,0.0193,46.5469,22.6059,20.34,2024-02-12 15:42:19.292,3.0
-0.644,-0.2454,0.1379,52.9633,43.4036,18.6844,2024-02-12 15:42:19.304,3.0
-0.7988,-0.2078,0.2112,63.8275,43.3655,16.5253,2024-02-12 15:42:19.328,3.0
-0.939,-0.1245,0.144,70.1752,32.9895,18.2266,2024-02-12 15:42:19.344,3.0
-0.8872,0.009,0.0239,69.1452,12.4054,22.1863,2024-02-12 15:42:19.360,3.0
-0.7383,0.0701,0.0007,64.4836,3.5248,21.5912,2024-02-12 15:42:19.376,3.0
-0.6523,0.0801,0.0681,59.0591,18.0054,16.304,2024-02-12 15:42:19.392,3.0
-0.6755,0.0715,0.1438,55.4123,42.5873,10.1318,2024-02-12 15:42:19.412,3.0
-0.7788,0.0776,0.2241,51.9943,55.0232,2.182,2024-02-12 15:42:19.428,3.0
-0.865,0.0869,0.2466,49.3774,46.5317,-2.9144,2024-02-12 15:42:19.444,3.0
-0.9287,0.1218,0.3054,48.4695,27.9846,-7.7133,2024-02-12 15:42:19.461,3.0
-1.0068,0.231,0.312,42.5262,10.9482,-7.7362,2024-02-12 15:42:19.493,3.0
-1.0022,0.2842,0.2112,36.3083,-2.4033,-2.4567,2024-02-12 15:42:19.493,3.0
-0.8972,0.2559,-0.0278,19.3405,-24.3073,5.0354,2024-02-12 15:42:19.509,3.0
-0.7788,0.238,-0.0879,-0.3967,-33.493,10.437,2024-02-12 15:42:19.533,3.0
-0.6299,0.0481,-0.0425,-15.9683,-9.9945,2.6779,2024-02-12 15:42:19.557,3.0
-0.7209,-0.0715,0.1934,-19.0887,24.8871,-7.9727,2024-02-12 15:42:19.565,3.0
-0.9136,-0.0144,0.3621,-6.5155,50.6134,-3.3493,2024-02-12 15:42:19.581,3.0
-0.9709,0.031,0.3696,4.2343,47.3328,7.7667,2024-02-12 15:42:19.605,3.0
-0.8003,-0.0483,0.356,6.1035,5.5466,3.8528,2024-02-12 15:42:19.621,3.0
-0.6418,0.0447,0.0002,11.9553,-12.3596,-9.0103,2024-02-12 15:42:19.643,3.0
-0.9321,0.1594,-0.2234,2.1515,51.1322,-7.1182,2024-02-12 15:42:19.651,3.0
-1.1458,0.3887,-0.2971,-8.0719,78.5522,8.7585,2024-02-12 15:42:19.667,3.0
-1.1531,0.3042,-0.8564,-31.8756,40.4205,32.8522,2024-02-12 15:42:19.684,3.0
-1.0955,-0.0886,-0.6987,-70.8618,-6.6681,45.5475,2024-02-12 15:42:19.709,3.0
-0.8745,-0.312,-0.0486,-69.2673,-44.1742,49.6597,2024-02-12 15:42:19.729,3.0
-0.697,-0.2039,0.0872,-44.7617,-45.6543,34.1949,2024-02-12 15:42:19.747,3.0
-0.6306,-0.0051,-0.0952,-36.9339,-29.5029,18.9133,2024-02-12 15:42:19.763,3.0
-0.6428,0.0017,-0.1272,-49.0875,-23.0713,-7.8583,2024-02-12 15:42:19.779,3.0
-1.0149,-0.0386,-0.042,-54.5959,-15.4266,-27.1072,2024-02-12 15:42:19.803,3.0
-1.1624,-0.156,-0.0115,-59.8068,-13.7558,-19.1727,2024-02-12 15:42:19.819,3.0
-1.0125,-0.1304,-0.0454,-60.9741,-55.5191,-20.0195,2024-02-12 15:42:19.836,3.0
-0.7549,0.0015,-0.1655,-68.0161,-99.2126,-21.4081,2024-02-12 15:42:19.860,3.0
-0.394,0.0818,-0.2036,-76.973,-102.7756,-22.4228,2024-02-12 15:42:19.868,3.0
-0.1392,0.0945,-0.1108,-83.6258,-64.9185,-28.038,2024-02-12 15:42:19.892,3.0
-0.1548,0.0117,0.156,-84.2056,-4.8599,-38.7039,2024-02-12 15:42:19.909,3.0
-0.5293,-0.094,0.2798,-76.828,64.2548,-42.9306,2024-02-12 15:42:19.925,3.0
-0.9185,-0.2158,0.2405,-75.9583,91.095,-44.7845,2024-02-12 15:42:19.950,3.0
-1.2463,-0.3455,0.1797,-70.9305,69.2978,-34.2636,2024-02-12 15:42:19.966,3.0
-1.2163,-0.3242,0.124,-59.9899,5.8289,-14.5416,2024-02-12 15:42:19.983,3.0
-0.9814,-0.2051,0.1711,-52.5208,-29.0451,-8.3694,2024-02-12 15:42:19.999,3.0
-0.7571,-0.1509,0.2673,-45.0058,-13.6261,-8.4152,2024-02-12 15:42:20.024,3.0
-0.6924,-0.1279,0.2847,-39.1006,16.8381,-11.4899,2024-02-12 15:42:20.032,3.0
-0.7449,-0.1738,0.2119,-34.6527,38.9481,-11.6043,2024-02-12 15:42:20.048,3.0
-0.8193,-0.1875,0.1692,-30.6091,44.5404,-9.9945,2024-02-12 15:42:20.064,3.0
-0.897,-0.1538,0.1997,-25.8713,39.7797,-8.7662,2024-02-12 15:42:20.113,3.0
-0.9414,-0.1562,0.2893,-21.4005,27.4506,-6.134,2024-02-12 15:42:20.122,3.0
-0.9087,-0.1455,0.2839,-20.3323,19.6838,-1.2436,2024-02-12 15:42:20.130,3.0
-0.877,-0.1414,0.26,-17.128,20.1263,-1.0376,2024-02-12 15:42:20.138,3.0
-0.938,-0.0937,0.1396,-15.8234,21.2936,1.1444,2024-02-12 15:42:20.146,3.0
-0.8621,-0.009,0.0999,-17.6773,6.6605,8.4991,2024-02-12 15:42:20.170,3.0
-0.7937,-0.01,0.2117,-19.7296,-2.5787,4.8599,2024-02-12 15:42:20.187,3.0
-0.8271,-0.1506,0.3455,-15.1825,-4.2725,-0.9384,2024-02-12 15:42:20.219,3.0
-0.844,-0.2043,0.4141,-4.7913,-6.5079,-4.4174,2024-02-12 15:42:20.227,3.0
-0.7937,-0.1643,0.364,-0.267,-17.4942,-9.1171,2024-02-12 15:42:20.235,3.0
-0.6025,-0.4839,0.0447,-5.8441,-11.7874,-17.1585,2024-02-12 15:42:20.259,3.0
-0.6523,-0.3318,0.0139,6.3477,40.535,-51.2009,2024-02-12 15:42:20.267,3.0
-1.0154,-0.3623,-0.0518,21.8735,57.1518,-78.4302,2024-02-12 15:42:20.284,3.0
-1.1396,-0.6113,-0.2708,39.2456,37.4374,-59.9518,2024-02-12 15:42:20.300,3.0
-1.0388,-0.2153,-0.5044,58.8455,-15.1978,-55.2902,2024-02-12 15:42:20.325,3.0
-0.9412,-0.0181,-0.4817,46.3409,-42.511,-46.7834,2024-02-12 15:42:20.358,3.0
-0.9373,-0.0452,-0.2322,33.8058,-38.8718,-33.6838,2024-02-12 15:42:20.358,3.0
-0.9172,-0.1121,0.0146,28.2364,-30.7999,-6.5079,2024-02-12 15:42:20.383,3.0
-1.043,-0.093,0.03,32.5699,-24.6582,9.1705,2024-02-12 15:42:20.391,3.0
-1.1677,-0.0637,-0.0159,32.6767,-23.9029,20.5612,2024-02-12 15:42:20.416,3.0
-1.1978,-0.0613,-0.032,36.0718,-41.6031,29.3732,2024-02-12 15:42:20.433,3.0
-1.0388,-0.0649,-0.0066,34.4696,-69.4809,38.8565,2024-02-12 15:42:20.457,3.0
-0.7363,-0.1289,-0.0442,38.681,-80.9326,44.1818,2024-02-12 15:42:20.474,3.0
-0.4363,-0.186,-0.0842,37.9333,-61.9965,44.0063,2024-02-12 15:42:20.491,3.0
-0.2717,-0.209,0.0269,37.8647,-15.2588,31.3797,2024-02-12 15:42:20.508,3.0
-0.4521,-0.2041,0.1602,41.8396,35.0189,16.1819,2024-02-12 15:42:20.524,3.0
-0.804,-0.1477,0.2832,51.2161,67.215,8.8959,2024-02-12 15:42:20.549,3.0
-1.0518,-0.0933,0.2166,59.5398,59.494,14.7171,2024-02-12 15:42:20.566,3.0
-0.9937,0.0051,0.0237,60.3867,21.7361,26.1383,2024-02-12 15:42:20.582,3.0
-0.8096,0.0623,-0.0173,52.1393,9.5139,25.3906,2024-02-12 15:42:20.607,3.0
-0.6914,0.0471,0.0688,45.3644,18.6386,21.2479,2024-02-12 15:42:20.615,3.0
-0.6309,0.0254,0.1814,42.2211,38.2233,17.8223,2024-02-12 15:42:20.632,3.0
-0.635,0.0552,0.2378,43.3197,56.694,14.7858,2024-02-12 15:42:20.657,3.0
-0.6973,0.0662,0.2571,43.2205,66.1621,6.9656,2024-02-12 15:42:20.673,3.0
-0.8489,0.0342,0.3252,46.1884,62.8891,1.6708,2024-02-12 15:42:20.689,3.0
-0.9583,0.0359,0.2993,49.3698,48.3322,1.4038,2024-02-12 15:42:20.713,3.0
-0.9321,0.051,0.1682,46.5088,15.8691,3.0823,2024-02-12 15:42:20.730,3.0
-0.7917,0.0576,-0.0522,33.4778,-20.9885,2.2812,2024-02-12 15:42:20.743,3.0
-0.7004,0.1306,-0.0393,20.9427,-21.0037,-0.1068,2024-02-12 15:42:20.759,3.0
-0.7361,0.1084,0.0129,10.0479,24.2004,-4.8218,2024-02-12 15:42:20.775,3.0
-0.8909,0.1082,0.189,6.279,61.8668,-2.4261,2024-02-12 15:42:20.791,3.0
-1.032,0.1409,0.3162,9.1705,61.8439,6.0043,2024-02-12 15:42:20.807,3.0
-1.0254,0.1001,0.405,8.8882,25.9171,15.2969,2024-02-12 15:42:20.831,3.0
-0.8333,0.1848,0.2319,13.3972,-7.0343,12.6953,2024-02-12 15:42:20.840,3.0
-0.7261,0.1707,-0.3552,5.4626,14.4424,4.8523,2024-02-12 15:42:20.873,3.0
-1.0962,0.2808,-0.2532,-15.48,73.9059,-0.8392,2024-02-12 15:42:20.881,3.0
-1.2231,0.3333,-0.3633,-23.6359,53.5278,12.9013,2024-02-12 15:42:20.897,3.0
-1.1389,0.1218,-0.7393,-39.2838,1.4191,24.3683,2024-02-12 15:42:20.922,3.0
-1.1172,-0.1038,-0.5808,-59.4406,-27.4887,31.6696,2024-02-12 15:42:20.938,3.0
-0.9907,-0.2268,-0.199,-61.3708,-45.3262,41.6031,2024-02-12 15:42:20.946,3.0
-0.7896,-0.217,-0.085,-45.0592,-46.8292,37.7274,2024-02-12 15:42:20.962,3.0
-0.6179,-0.2185,-0.166,-36.8195,-41.0461,25.2228,2024-02-12 15:42:20.978,3.0
-0.6108,-0.1953,-0.1277,-32.5317,-32.5394,3.0746,2024-02-12 15:42:20.994,3.0
-0.7322,-0.1919,-0.0769,-30.7159,-23.8571,-16.8915,2024-02-12 15:42:21.010,3.0
-0.9744,-0.1621,-0.0369,-29.9454,-10.3378,-21.9727,2024-02-12 15:42:21.026,3.0
-1.012,-0.0645,-0.0566,-34.1187,-11.1923,-21.904,2024-02-12 15:42:21.051,3.0
-0.8716,0.0193,-0.1023,-39.505,-50.0107,-27.5269,2024-02-12 15:42:21.068,3.0
-0.6697,0.084,-0.1587,-45.4712,-79.6814,-29.0985,2024-02-12 15:42:21.083,3.0
-0.438,0.1038,-0.1423,-55.1758,-80.5588,-28.0685,2024-02-12 15:42:21.100,3.0
-0.2761,0.0508,-0.0925,-63.7589,-51.2314,-31.2653,2024-02-12 15:42:21.119,3.0
-0.3799,-0.0476,0.0483,-71.1823,-0.5341,-33.2413,2024-02-12 15:42:21.143,3.0
-0.5789,-0.1023,0.1624,-75.2106,38.2843,-33.638,2024-02-12 15:42:21.159,3.0
-0.7698,-0.1626,0.2339,-75.8667,36.9186,-34.7137,2024-02-12 15:42:21.175,3.0
-0.8735,-0.2585,0.2639,-69.2978,12.9242,-28.7323,2024-02-12 15:42:21.191,3.0
-0.8806,-0.2659,0.2466,-60.997,-2.9755,-19.0277,2024-02-12 15:42:21.216,3.0
-0.8418,-0.2217,0.2231,-54.0695,6.9656,-14.2593,2024-02-12 15:42:21.232,3.0
-0.864,-0.2109,0.1948,-48.6832,24.9786,-11.9324,2024-02-12 15:42:21.251,3.0
-0.9727,-0.2043,0.239,-42.7017,34.2102,-10.8109,2024-02-12 15:42:21.275,3.0
-0.9771,-0.1992,0.2063,-36.0565,29.747,-6.6986,2024-02-12 15:42:21.292,3.0
-0.8945,-0.1531,0.1611,-30.9601,27.9846,-5.7144,2024-02-12 15:42:21.300,3.0
-0.8826,-0.0886,0.2585,-25.7721,30.2582,-7.2632,2024-02-12 15:42:21.325,3.0
-0.9583,-0.0916,0.3225,-20.5002,32.3715,-4.8447,2024-02-12 15:42:21.342,3.0
-1.0339,-0.2117,0.3176,-16.8839,28.6026,-2.4261,2024-02-12 15:42:21.359,3.0
-1.0586,-0.2297,0.2285,-14.6866,12.352,3.067,2024-02-12 15:42:21.376,3.0
-0.9365,-0.1604,0.1663,-12.2604,-17.9138,9.1782,2024-02-12 15:42:21.399,3.0
-0.7874,-0.1245,0.2104,-11.0474,-31.7307,8.9417,2024-02-12 15:42:21.417,3.0
-0.7117,-0.1665,0.3481,-7.0801,-24.1394,5.3406,2024-02-12 15:42:21.442,3.0
-0.6982,-0.2024,0.4216,5.2567,-7.637,1.915,2024-02-12 15:42:21.458,3.0
-0.6785,-0.2302,0.2563,10.7346,-3.9291,1.9684,2024-02-12 15:42:21.476,3.0
-0.5259,-0.5122,-0.0525,-0.145,20.2789,-18.9514,2024-02-12 15:42:21.526,3.0
-0.6243,-0.4724,-0.1216,9.1705,47.1039,-69.5724,2024-02-12 15:42:21.551,3.0
-1.0706,-0.5793,-0.2664,28.4653,35.0189,-94.6579,2024-02-12 15:42:21.559,3.0
-1.1973,-0.1516,-0.4485,65.3687,7.5989,-65.7272,2024-02-12 15:42:21.559,3.0
-1.0056,0.2131,-0.8137,44.4489,-28.3813,-46.5012,2024-02-12 15:42:21.600,3.0
-0.9475,0.1248,-0.4268,12.1307,-34.2789,-29.6478,2024-02-12 15:42:21.600,3.0
-0.8032,-0.2317,-0.1626,8.4229,-9.4376,-9.0561,2024-02-12 15:42:21.608,3.0
-0.9363,-0.22,-0.1475,1.6022,10.5667,-6.1417,2024-02-12 15:42:21.632,3.0
-1.291,-0.1362,0.0334,5.6229,3.7842,-4.097,2024-02-12 15:42:21.657,3.0
-1.5701,-0.1917,0.04,29.7089,-28.3279,16.1285,2024-02-12 15:42:21.670,3.0
-1.428,-0.1384,-0.0044,44.5099,-72.5937,33.7982,2024-02-12 15:42:21.670,3.0
-1.0903,-0.1284,0.0596,54.0695,-95.2606,46.196,2024-02-12 15:42:21.684,3.0
-0.6257,-0.1968,-0.062,62.1948,-77.6978,55.5267,2024-02-12 15:42:21.700,3.0
-0.3208,-0.2261,-0.0813,60.3867,-43.4494,53.3295,2024-02-12 15:42:21.716,3.0
-0.3132,-0.2419,-0.0203,58.8837,1.2589,44.5404,2024-02-12 15:42:21.733,3.0
-0.5203,-0.1743,0.0906,61.2259,43.045,35.7208,2024-02-12 15:42:21.757,3.0
-0.8042,-0.0413,0.1943,68.2678,41.3513,34.1263,2024-02-12 15:42:21.790,3.0
-0.8186,0.0293,0.1343,71.5408,11.5738,39.7491,2024-02-12 15:42:21.798,3.0
-0.6221,0.0774,0.0493,67.8558,-4.7302,37.0636,2024-02-12 15:42:21.809,3.0
-0.4531,0.0957,0.0835,60.4248,11.0092,25.65,2024-02-12 15:42:21.829,3.0
-0.4255,0.0874,0.1584,55.4657,33.3786,11.3983,2024-02-12 15:42:21.845,3.0
-0.4863,0.0762,0.2026,50.2853,46.814,-0.9537,2024-02-12 15:42:21.861,3.0
-0.6355,0.0696,0.2678,46.0815,47.5311,-12.6495,2024-02-12 15:42:21.885,3.0
-0.8376,0.0691,0.3662,40.4205,35.2249,-17.0517,2024-02-12 15:42:21.901,3.0
-0.9966,0.0725,0.313,39.8026,18.7531,-13.6795,2024-02-12 15:42:21.918,3.0
-0.9854,0.1096,0.1628,37.8418,-8.0338,-0.7248,2024-02-12 15:42:21.934,3.0
-0.8508,0.0554,-0.0042,28.1525,-32.9056,6.8893,2024-02-12 15:42:21.958,3.0
-0.7058,0.0239,-0.0398,16.0065,-26.6953,-0.0381,2024-02-12 15:42:21.991,3.0
-0.7246,0.0042,0.0603,11.4212,26.6037,-12.2757,2024-02-12 15:42:21.991,3.0
-0.8779,0.0015,0.2065,12.8708,73.4177,-17.8223,2024-02-12 15:42:21.999,3.0
-1.0945,0.0623,0.3572,21.0495,86.3419,-16.1743,2024-02-12 15:42:22.031,3.0
-1.2344,0.0669,0.3718,26.825,66.2994,-5.9204,2024-02-12 15:42:22.047,3.0
-1.1853,0.0271,0.3596,24.6582,27.0386,3.8834,2024-02-12 15:42:22.055,3.0
-0.9719,0.123,0.1665,27.8168,-1.5869,10.1776,2024-02-12 15:42:22.071,3.0
-1.0081,0.1875,-0.1853,15.5869,35.4996,16.3956,2024-02-12 15:42:22.095,3.0
-1.2456,0.3293,-0.0244,-0.6409,74.4629,27.2675,2024-02-12 15:42:22.103,3.0
-1.1729,0.3855,-0.377,-5.4779,50.9262,44.281,2024-02-12 15:42:22.120,3.0
-1.0676,0.1875,-0.835,-33.4702,8.6365,48.5001,2024-02-12 15:42:22.139,3.0
-0.97,-0.0706,-0.613,-60.1044,-27.1454,53.3142,2024-02-12 15:42:22.155,3.0
-0.7354,-0.2891,-0.1533,-57.3654,-60.3409,55.1605,2024-02-12 15:42:22.171,3.0
-0.542,-0.3879,0.0378,-33.8821,-60.791,39.856,2024-02-12 15:42:22.188,3.0
-0.4849,-0.2573,-0.03,-14.473,-37.1094,17.1051,2024-02-12 15:42:22.204,3.0
-0.5669,-0.1584,-0.2021,-9.1705,-10.3302,-5.3482,2024-02-12 15:42:22.228,3.0
-0.772,-0.1287,-0.1479,-12.2299,6.9351,-22.049,2024-02-12 15:42:22.236,3.0
-1.0083,-0.1077,-0.1318,-14.2975,11.879,-30.6168,2024-02-12 15:42:22.260,3.0
-1.1824,-0.1094,-0.1362,-22.4991,2.8305,-25.65,2024-02-12 15:42:22.269,3.0
-1.0356,-0.0857,-0.063,-26.6953,-45.0974,-25.7874,2024-02-12 15:42:22.301,3.0
-0.8379,-0.0469,-0.064,-26.9012,-75.0809,-32.4631,2024-02-12 15:42:22.309,3.0
-0.6528,-0.0266,-0.0747,-30.4489,-67.4973,-38.6429,2024-02-12 15:42:22.325,3.0
-0.458,-0.0134,-0.0603,-31.723,-40.9164,-44.2886,2024-02-12 15:42:22.341,3.0
-0.4749,-0.0093,0.0515,-34.6375,-2.5558,-49.3698,2024-02-12 15:42:22.364,3.0
-0.6172,0.0007,0.0857,-38.063,23.3154,-53.5507,2024-02-12 15:42:22.372,3.0
-0.8315,-0.0193,0.1587,-40.123,31.4941,-50.0107,2024-02-12 15:42:22.397,3.0
-0.9436,-0.0981,0.2083,-39.1541,8.2855,-38.4445,2024-02-12 15:42:22.413,3.0
-0.8169,-0.155,0.1787,-35.4309,-22.6974,-24.0173,2024-02-12 15:42:22.429,3.0
-0.6211,-0.1477,0.145,-35.7208,-31.2881,-15.2893,2024-02-12 15:42:22.446,3.0
-0.5049,-0.1399,0.1914,-35.1715,-14.8468,-10.6277,2024-02-12 15:42:22.470,3.0
-0.4802,-0.1494,0.1675,-35.553,16.0828,-8.5449,2024-02-12 15:42:22.487,3.0
-0.603,-0.127,0.1902,-36.4151,38.3759,-5.8365,2024-02-12 15:42:22.511,3.0
-0.7458,-0.085,0.2773,-35.4462,47.4625,-0.7858,2024-02-12 15:42:22.527,3.0
-0.8862,-0.0615,0.3374,-31.0059,41.2598,4.0894,2024-02-12 15:42:22.543,3.0
-0.9741,-0.0813,0.3044,-25.6729,24.2691,8.6136,2024-02-12 15:42:22.567,3.0
-0.9746,-0.1323,0.1963,-25.6119,0.4272,5.7755,2024-02-12 15:42:22.575,3.0
-0.9482,-0.1143,0.1274,-32.402,-21.0724,-1.2131,2024-02-12 15:42:22.599,3.0
-0.8308,-0.0759,0.1179,-36.0641,-27.7557,-10.5515,2024-02-12 15:42:22.616,3.0
-0.8052,-0.126,0.1687,-34.6222,-12.5504,-20.5002,2024-02-12 15:42:22.632,3.0
-0.8484,-0.2139,0.3379,-34.9045,5.7297,-25.3601,2024-02-12 15:42:22.656,3.0
-0.9146,-0.2454,0.4705,-28.6636,17.9443,-25.5051,2024-02-12 15:42:22.689,3.0
-0.8672,-0.3569,0.3845,-23.1171,13.855,-20.4239,2024-02-12 15:42:22.697,3.0
-0.7461,-0.5586,0.1604,-25.8789,35.1181,-36.0336,2024-02-12 15:42:22.713,3.0
-0.9492,-0.4509,0.2485,-9.5062,59.639,-71.8155,2024-02-12 15:42:22.721,3.0
-1.1755,-0.7595,-0.0212,6.0425,54.6722,-94.8486,2024-02-12 15:42:22.762,3.0
-1.4092,-0.7673,-0.0859,47.9431,33.3633,-105.5984,2024-02-12 15:42:22.770,3.0
-1.5107,-0.4238,-0.4136,73.0057,-21.2784,-71.0678,2024-02-12 15:42:22.778,3.0
-1.1565,-0.0857,-0.5244,55.5649,-86.9598,-42.0532,2024-02-12 15:42:22.794,3.0
-0.8635,0.0859,-0.4214,34.462,-109.8557,-15.4572,2024-02-12 15:42:22.810,3.0
-0.5386,0.0193,-0.4358,14.0915,-75.7294,11.4136,2024-02-12 15:42:22.826,3.0
-0.5688,0.082,-0.2927,-1.77,-7.7744,14.0991,2024-02-12 15:42:22.842,3.0
-0.9946,0.1177,-0.0618,-9.5596,55.9921,12.0392,2024-02-12 15:42:22.894,3.0
-1.3618,0.0234,-0.1035,-0.412,63.8123,19.6075,2024-02-12 15:42:22.902,3.0
-1.4165,-0.0364,-0.2351,-0.8621,27.977,32.5851,2024-02-12 15:42:22.902,3.0
-1.1008,-0.1753,0.0105,-5.394,-45.3949,44.4946,2024-02-12 15:42:22.918,3.0
-0.8391,-0.332,0.0669,8.194,-61.142,53.3295,2024-02-12 15:42:22.927,3.0
-0.6472,-0.3521,0.0352,18.4708,-32.8064,60.5927,2024-02-12 15:42:22.951,3.0
-0.4985,-0.293,-0.0134,24.3225,-0.7858,58.342,2024-02-12 15:42:22.968,3.0
-0.5444,-0.1616,0.072,28.2211,24.7269,50.3311,2024-02-12 15:42:22.984,3.0
-0.6548,-0.074,0.1248,33.0734,34.3246,46.4935,2024-02-12 15:42:23.009,3.0
-0.7,-0.0417,0.0889,35.9268,26.9241,45.3033,2024-02-12 15:42:23.025,3.0
-0.644,0.0105,0.0564,34.4543,12.6266,43.9758,2024-02-12 15:42:23.041,3.0
-0.5562,0.0659,0.0535,30.5176,5.7678,41.2674,2024-02-12 15:42:23.057,3.0
-0.4226,0.1265,0.071,26.8555,8.6823,32.196,2024-02-12 15:42:23.081,3.0
-0.3811,0.1448,0.0891,23.0179,23.262,15.3885,2024-02-12 15:42:23.109,3.0
-0.4404,0.1426,0.1287,20.3934,37.0026,3.5629,2024-02-12 15:42:23.117,3.0
-0.5388,0.1448,0.2124,15.7776,44.2352,-5.6686,2024-02-12 15:42:23.134,3.0
-0.5945,0.1082,0.2549,11.8256,42.2745,-14.6179,2024-02-12 15:42:23.153,3.0
-0.7622,0.0464,0.3076,10.5057,32.0358,-20.4163,2024-02-12 15:42:23.169,3.0
-0.8792,-0.0132,0.2439,9.2468,16.1896,-18.8217,2024-02-12 15:42:23.177,3.0
-0.8931,0.04,0.1514,6.9122,-8.667,-13.4659,2024-02-12 15:42:23.201,3.0
-0.8582,0.0869,-0.0869,-0.5035,-21.904,-7.6294,2024-02-12 15:42:23.209,3.0
-0.8435,0.0923,-0.2253,-13.3667,1.7471,-0.7401,2024-02-12 15:42:23.234,3.0
-0.9302,0.0767,-0.0957,-24.0631,53.2379,1.3199,2024-02-12 15:42:23.250,3.0
-1.0898,0.0928,0.3022,-16.8457,89.4928,3.1662,2024-02-12 15:42:23.266,3.0
-1.3254,-0.0664,0.5408,0.473,74.7528,9.3842,2024-02-12 15:42:23.290,3.0
-1.3066,-0.2051,0.4453,16.3345,31.2805,21.2708,2024-02-12 15:42:23.299,3.0
-1.041,0.0403,0.0518,28.8086,-1.1749,24.8108,2024-02-12 15:42:23.323,3.0
-1.2402,0.2427,-0.0371,8.5907,11.1771,15.0833,2024-02-12 15:42:23.340,3.0
-1.2305,0.3809,-0.2666,0.3967,0.8926,34.9197,2024-02-12 15:42:23.358,3.0
-1.1428,0.4165,-0.7209,-19.4473,7.7515,44.8761,2024-02-12 15:42:23.375,3.0
-1.1965,0.3467,-0.7585,-40.657,17.3569,59.5474,2024-02-12 15:42:23.391,3.0
-1.0681,-0.0815,-0.5149,-56.4804,-24.1623,70.6406,2024-02-12 15:42:23.416,3.0
-0.6897,-0.4385,-0.113,-50.8041,-79.5059,57.5714,2024-02-12 15:42:23.433,3.0
-0.3584,-0.415,0.0933,-23.4375,-87.0209,23.9029,2024-02-12 15:42:23.450,3.0
-0.4387,-0.2812,0.1145,5.6763,-2.7161,-17.5858,2024-02-12 15:42:23.467,3.0
-0.7104,-0.2512,-0.0996,20.6146,65.6891,-44.6167,2024-02-12 15:42:23.491,3.0
-1.1082,-0.0391,-0.3142,16.9907,78.125,-49.7665,2024-02-12 15:42:23.508,3.0
-1.3044,0.1514,-0.3679,-13.6185,20.5154,-44.96,2024-02-12 15:42:23.524,3.0
-1.1372,0.0815,-0.0815,-20.7901,-76.8433,-44.96,2024-02-12 15:42:23.540,3.0
-0.7744,0.0957,-0.0876,-22.6974,-117.0197,-40.0925,2024-02-12 15:42:23.559,3.0
-0.3257,0.1199,-0.0759,-31.0516,-103.2791,-46.1807,2024-02-12 15:42:23.575,3.0
-0.1313,0.0547,-0.1182,-41.4963,-68.9087,-58.7463,2024-02-12 15:42:23.599,3.0
-0.231,-0.0591,-0.0925,-53.8483,-16.0828,-64.9414,2024-02-12 15:42:23.616,3.0
-0.4543,-0.1042,-0.0317,-64.3616,34.6603,-61.3022,2024-02-12 15:42:23.632,3.0
-0.6892,-0.0964,-0.0144,-71.5866,60.2188,-51.5289,2024-02-12 15:42:23.659,3.0
-0.8748,-0.1033,0.0125,-73.3261,48.8968,-35.9039,2024-02-12 15:42:23.667,3.0
-0.9119,-0.1687,0.0847,-68.9163,22.7509,-12.6724,2024-02-12 15:42:23.683,3.0
-0.7229,-0.2273,0.1548,-58.4106,1.358,9.0256,2024-02-12 15:42:23.708,3.0
-0.6196,-0.2671,0.2327,-50.827,2.6245,18.9362,2024-02-12 15:42:23.724,3.0
-0.6172,-0.2263,0.3357,-40.8707,11.8256,22.8348,2024-02-12 15:42:23.760,3.0
-0.6973,-0.2041,0.3582,-31.4026,20.6528,26.9547,2024-02-12 15:42:23.760,3.0
-0.7834,-0.1719,0.344,-18.5165,26.1917,31.9138,2024-02-12 15:42:23.825,3.0
-0.8904,-0.1506,0.3142,-5.9052,23.6893,33.8287,2024-02-12 15:42:23.833,3.0
-0.8606,-0.2107,0.218,2.594,8.9722,29.8996,2024-02-12 15:42:23.841,3.0
-0.8442,-0.1829,-0.01,2.388,1.1978,13.6642,2024-02-12 15:42:23.841,3.0
-0.8408,-0.094,-0.1492,6.897,1.7166,-0.3586,2024-02-12 15:42:23.841,3.0
-0.7937,-0.1428,-0.0828,8.7128,18.1198,-28.0075,2024-02-12 15:42:23.876,3.0
-0.9888,-0.1345,0.354,-7.431,25.8179,-46.2036,2024-02-12 15:42:23.884,3.0
-1.1211,0.1482,0.4346,-11.8637,24.4293,-48.2101,2024-02-12 15:42:23.909,3.0
-1.0591,-0.0732,-0.0574,-21.3013,28.038,-43.6783,2024-02-12 15:42:23.952,3.0
-1.1262,-0.1641,0.0056,-15.8691,25.3525,-54.2374,2024-02-12 15:42:23.952,3.0
-1.1821,-0.4685,-0.064,-19.7678,-0.6866,-66.1926,2024-02-12 15:42:23.960,3.0
-1.0889,-0.8242,0.0107,-5.8975,5.2643,-86.8073,2024-02-12 15:42:23.968,3.0
-1.4041,-0.6733,-0.1418,58.7387,-7.9346,-86.8073,2024-02-12 15:42:24.033,3.0
-1.2527,-0.377,-0.5591,62.1033,-55.4352,-47.3175,2024-02-12 15:42:24.050,3.0
-0.8621,-0.0581,-0.6328,30.5176,-103.2333,-27.6108,2024-02-12 15:42:24.050,3.0
-0.574,0.1228,-0.4292,-1.5564,-101.6235,0.4654,2024-02-12 15:42:24.058,3.0
-0.3486,0.0652,-0.0835,-10.231,-53.5965,21.5225,2024-02-12 15:42:24.058,3.0
-0.5601,0.0986,0.0442,-8.0719,31.0364,22.7051,2024-02-12 15:42:24.074,3.0
-1.0356,0.178,-0.0244,-4.2648,94.3985,13.0615,2024-02-12 15:42:24.098,3.0
-1.3992,-0.0369,-0.1687,5.806,81.9931,19.31,2024-02-12 15:42:24.115,3.0
-1.3547,-0.2239,-0.1799,-1.3504,-3.2425,40.596,2024-02-12 15:42:24.131,3.0
-1.0708,-0.3484,-0.0347,5.0507,-63.3545,53.9093,2024-02-12 15:42:24.158,3.0
-0.7087,-0.3503,0.0029,14.3509,-60.5621,62.3322,2024-02-12 15:42:24.167,3.0
-0.5034,-0.3154,0.0139,23.8953,-23.9105,66.3223,2024-02-12 15:42:24.183,3.0
-0.4897,-0.1995,0.0171,29.7699,11.9705,59.6161,2024-02-12 15:42:24.207,3.0
-0.6531,-0.0994,0.0515,34.584,22.5372,54.5425,2024-02-12 15:42:24.226,3.0
-0.7695,-0.0227,0.0833,40.2069,11.6577,53.9474,2024-02-12 15:42:24.242,3.0
-0.7563,0.0266,0.0354,42.7704,-13.1531,53.8177,2024-02-12 15:42:24.258,3.0
-0.6379,0.0476,0.0361,41.1835,-36.1404,48.0957,2024-02-12 15:42:24.274,3.0
-0.4534,0.0818,0.0701,37.59,-42.9077,36.5219,2024-02-12 15:42:24.298,3.0
-0.3364,0.0981,0.1213,35.0571,-28.183,21.9955,2024-02-12 15:42:24.314,3.0
-0.3176,0.1243,0.1274,34.9121,-2.9984,6.7673,2024-02-12 15:42:24.331,3.0
-0.3784,0.1475,0.167,33.1573,20.5917,-7.164,2024-02-12 15:42:24.348,3.0
-0.5413,0.1108,0.2214,30.6854,29.6249,-18.6081,2024-02-12 15:42:24.364,3.0
-0.7449,0.063,0.259,26.8707,23.0637,-23.3383,2024-02-12 15:42:24.380,3.0
-0.8884,0.0623,0.1843,22.1786,0.9995,-18.2877,2024-02-12 15:42:24.404,3.0
-0.9004,0.0937,0.0603,19.1879,-16.2354,-6.4621,2024-02-12 15:42:24.420,3.0
-0.7385,0.0779,-0.1208,1.8311,-22.2473,-1.2665,2024-02-12 15:42:24.436,3.0
-0.7673,0.0508,-0.043,-11.795,22.583,-1.77,2024-02-12 15:42:24.452,3.0
-0.9438,0.0591,0.22,-8.5754,84.1141,-2.2049,2024-02-12 15:42:24.468,3.0
-1.1628,0.0293,0.4082,7.6218,91.6519,-5.4245,2024-02-12 15:42:24.492,3.0
-1.2959,-0.0525,0.3911,16.8533,60.1807,1.1444,2024-02-12 15:42:24.508,3.0
-1.3037,0.0615,0.1108,30.1514,40.6265,16.5176,2024-02-12 15:42:24.532,3.0
-1.4561,0.0754,0.0291,18.837,49.7589,20.462,2024-02-12 15:42:24.541,3.0
-1.48,0.3936,-0.3411,14.595,33.5312,46.0281,2024-02-12 15:42:24.565,3.0
-1.2451,0.4592,-0.7881,-15.2283,12.4664,55.9006,2024-02-12 15:42:24.582,3.0
-1.1707,0.2856,-0.5842,-40.6647,-28.6179,57.0526,2024-02-12 15:42:24.598,3.0
-0.9075,0.0193,-0.4001,-38.7039,-74.5087,60.3104,2024-02-12 15:42:24.631,3.0
-0.5352,-0.2456,-0.2466,-32.28,-108.5739,47.7219,2024-02-12 15:42:24.655,3.0
-0.2527,-0.3513,-0.0212,-18.3411,-82.0084,15.5792,2024-02-12 15:42:24.663,3.0
-0.3232,-0.3179,0.1372,4.1885,-1.2512,-15.9454,2024-02-12 15:42:24.679,3.0
-0.7104,-0.2996,-0.0242,26.123,81.7566,-45.845,2024-02-12 15:42:24.687,3.0
-1.2336,-0.1101,-0.2751,23.2391,103.7216,-46.2799,2024-02-12 15:42:24.711,3.0
-1.3569,0.0393,-0.2617,-1.5945,29.9225,-41.0843,2024-02-12 15:42:24.727,3.0
-1.1982,0.1008,-0.075,-5.6915,-88.7222,-39.2685,2024-02-12 15:42:24.743,3.0
-0.7632,0.1917,-0.1233,-11.8027,-119.0872,-33.7906,2024-02-12 15:42:24.760,3.0
-0.3469,0.1902,-0.1184,-23.2391,-97.9691,-41.5421,2024-02-12 15:42:24.783,3.0
-0.2498,0.0852,-0.0034,-34.668,-56.7322,-55.2902,2024-02-12 15:42:24.801,3.0
-0.3601,-0.0227,0.0466,-45.9061,-5.6763,-61.8744,2024-02-12 15:42:24.817,3.0
-0.5454,-0.1431,0.0977,-51.5137,28.3661,-57.3883,2024-02-12 15:42:24.833,3.0
-0.7637,-0.1841,0.1204,-51.8265,34.3857,-48.4161,2024-02-12 15:42:24.849,3.0
-0.8604,-0.1716,0.1194,-48.2941,15.0146,-33.2336,2024-02-12 15:42:24.874,3.0
-0.8003,-0.1279,0.1311,-43.7546,-9.7275,-17.334,2024-02-12 15:42:24.890,3.0
-0.6255,-0.1313,0.1858,-38.0325,-15.3122,-0.9537,2024-02-12 15:42:24.906,3.0
-0.561,-0.1726,0.2295,-33.9966,3.4027,8.6899,2024-02-12 15:42:24.931,3.0
-0.6101,-0.1995,0.3152,-28.4882,20.134,16.7389,2024-02-12 15:42:24.947,3.0
-0.719,-0.1873,0.3203,-21.8277,21.7056,24.5972,2024-02-12 15:42:24.963,3.0
-0.8062,-0.1584,0.262,-13.7558,11.4517,32.8217,2024-02-12 15:42:24.988,3.0
-0.8284,-0.0703,0.2354,-7.4844,-0.9918,34.0729,2024-02-12 15:42:25.007,3.0
-0.8079,-0.0911,0.197,-9.6741,-7.0267,24.0326,2024-02-12 15:42:25.015,3.0
-0.8098,-0.0784,0.0508,-14.2212,3.891,4.6387,2024-02-12 15:42:25.047,3.0
-0.8083,-0.0664,-0.0732,-13.4506,15.9454,-14.4272,2024-02-12 15:42:25.059,3.0
-0.8767,-0.1333,0.0286,-14.3051,23.0789,-34.0347,2024-02-12 15:42:25.073,3.0
-1.0066,-0.2334,0.3884,-21.347,25.032,-45.639,2024-02-12 15:42:25.090,3.0
-1.1619,-0.0823,0.5398,-16.4871,26.0315,-38.5132,2024-02-12 15:42:25.107,3.0
-1.0186,-0.2141,0.0842,-24.8795,32.9971,-35.4385,2024-02-12 15:42:25.181,3.0
-1.126,-0.1621,0.1804,-17.1432,46.6995,-62.3398,2024-02-12 15:42:25.214,3.0
-1.2605,-0.4563,-0.0215,-14.595,19.3176,-82.9315,2024-02-12 15:42:25.214,3.0
-1.3137,-0.6292,0.0288,-7.1793,-4.7836,-84.053,2024-02-12 15:42:25.223,3.0
-1.3481,-0.5479,0.0525,28.9688,-28.3279,-74.6613,2024-02-12 15:42:25.223,3.0
-1.1572,-0.2456,-0.3193,32.6996,-61.6379,-47.0047,2024-02-12 15:42:25.223,3.0
-0.8577,-0.2234,-0.4404,24.4293,-84.3811,-26.8631,2024-02-12 15:42:25.231,3.0
-0.583,0.0198,-0.4189,-2.7695,-83.1757,-5.8212,2024-02-12 15:42:25.247,3.0
-0.4473,0.0759,-0.1375,-19.8822,-22.1481,13.7177,2024-02-12 15:42:25.263,3.0
-0.623,0.0862,-0.0513,-17.7765,58.2123,15.2435,2024-02-12 15:42:25.288,3.0
-1.114,0.1353,-0.1167,-19.6838,104.0726,6.546,2024-02-12 15:42:25.304,3.0
-1.4177,-0.0081,-0.1797,-15.7166,71.8155,19.2566,2024-02-12 15:42:25.335,3.0
-1.2864,-0.1609,-0.1138,-19.7144,-8.11,38.0249,2024-02-12 15:42:25.343,3.0
-1.0383,-0.2751,-0.0078,-14.3661,-54.9622,48.2559,2024-02-12 15:42:25.376,3.0
-0.748,-0.302,0.0002,-7.1487,-54.5349,55.1758,2024-02-12 15:42:25.376,3.0
-0.5579,-0.219,-0.0239,-3.1128,-29.4495,55.7861,2024-02-12 15:42:25.392,3.0
-0.5042,-0.0996,0.0332,-0.4807,2.8534,49.8047,2024-02-12 15:42:25.412,3.0
-0.6023,-0.0117,0.0972,2.9831,17.0135,43.1213,2024-02-12 15:42:25.437,3.0
-0.658,0.0125,0.0989,5.0583,15.8005,39.3906,2024-02-12 15:42:25.453,3.0
-0.6711,-0.002,0.0852,7.9193,4.5013,35.1563,2024-02-12 15:42:25.469,3.0
-0.5837,-0.0073,0.0371,8.3008,-6.8359,29.4952,2024-02-12 15:42:25.485,3.0
-0.522,0.0193,0.0828,7.2784,-10.8414,21.698,2024-02-12 15:42:25.509,3.0
-0.417,0.0654,0.1108,6.4392,-3.334,10.3912,2024-02-12 15:42:25.518,3.0
-0.4099,0.1089,0.1733,6.7444,10.2844,-3.6011,2024-02-12 15:42:25.542,3.0
-0.48,0.1135,0.2432,7.4158,19.4473,-14.5111,2024-02-12 15:42:25.558,3.0
-0.6614,0.084,0.2883,9.3079,23.5062,-24.9252,2024-02-12 15:42:25.576,3.0
-0.8274,0.0676,0.2075,9.6207,19.3939,-24.5972,2024-02-12 15:42:25.592,3.0
-0.8823,0.033,0.0679,1.6861,-5.8289,-16.9067,2024-02-12 15:42:25.608,3.0
-0.8274,0.0283,-0.041,-10.1547,-28.2593,-10.0403,2024-02-12 15:42:25.633,3.0
-0.8164,0.0505,-0.0784,-19.5084,-0.1144,-4.2267,2024-02-12 15:42:25.649,3.0
-0.9146,0.0383,0.0527,-23.9334,61.0352,-0.3433,2024-02-12 15:42:25.665,3.0
-1.085,0.0767,0.2676,-16.6321,76.7288,4.0817,2024-02-12 15:42:25.690,3.0
-1.1919,-0.0293,0.3958,-7.4768,66.6962,6.5231,2024-02-12 15:42:25.706,3.0
-1.2686,-0.0547,0.3958,13.7329,44.2581,12.7792,2024-02-12 15:42:25.722,3.0
-1.3169,0.0295,0.022,25.9018,45.9671,23.201,2024-02-12 15:42:25.738,3.0
-1.418,0.2527,-0.1951,9.2773,19.3481,28.9459,2024-02-12 15:42:25.760,3.0
-1.2053,0.4604,-0.4897,-5.8441,-28.9917,36.2244,2024-02-12 15:42:25.776,3.0
-1.1743,0.436,-0.5933,-31.2424,-22.8882,43.2358,2024-02-12 15:42:25.792,3.0
-1.0403,0.3159,-0.5996,-49.6445,-20.9732,49.5071,2024-02-12 15:42:25.817,3.0
-0.8047,-0.1406,-0.4158,-59.639,-53.9246,39.3143,2024-02-12 15:42:25.879,3.0
-0.6699,-0.3406,-0.0164,-51.4755,-86.5555,23.4299,2024-02-12 15:42:25.879,3.0
-0.4707,-0.3579,0.116,-35.1028,-80.6122,0.0153,2024-02-12 15:42:25.879,3.0
-0.5188,-0.2922,0.1338,-17.7307,-23.5672,-21.1945,2024-02-12 15:42:25.887,3.0
-0.7622,-0.1943,0.0115,-3.2196,33.7372,-36.4075,2024-02-12 15:42:25.903,3.0
-1.0715,0.0293,-0.2971,-12.6877,54.8477,-38.1699,2024-02-12 15:42:25.923,3.0
-1.1338,0.115,-0.2075,-38.8489,8.9417,-38.62,2024-02-12 15:42:25.932,3.0
-1.0068,0.0586,-0.0522,-41.6718,-81.9092,-38.208,2024-02-12 15:42:25.957,3.0
-0.6807,0.0752,-0.1069,-46.6003,-94.5358,-32.8293,2024-02-12 15:42:25.981,3.0
-0.3823,0.0439,-0.1355,-53.6575,-76.9043,-37.6282,2024-02-12 15:42:25.989,3.0
-0.2683,-0.0376,-0.0937,-62.1414,-39.7491,-46.2952,2024-02-12 15:42:26.013,3.0
-0.3889,-0.1135,-0.0122,-65.8951,11.4441,-49.5834,2024-02-12 15:42:26.030,3.0
-0.5923,-0.1619,0.0508,-67.421,44.6854,-48.0576,2024-02-12 15:42:26.054,3.0
-0.7622,-0.1765,0.0857,-67.2684,45.6772,-46.402,2024-02-12 15:42:26.062,3.0
-0.9033,-0.1526,0.0945,-64.3158,14.8163,-34.8587,2024-02-12 15:42:26.087,3.0
-0.8245,-0.1113,0.0957,-60.5164,-17.0135,-15.4419,2024-02-12 15:42:26.103,3.0
-0.6421,-0.1138,0.1226,-58.9218,-19.9738,-5.1117,2024-02-12 15:42:26.119,3.0
-0.5637,-0.1306,0.1729,-54.8477,-1.0071,0.885,2024-02-12 15:42:26.135,3.0
-0.6042,-0.1875,0.2134,-48.0652,24.4675,6.5002,2024-02-12 15:42:26.160,3.0
-0.7341,-0.241,0.2791,-35.9955,36.0107,15.6403,2024-02-12 15:42:26.176,3.0
-0.8152,-0.2666,0.2817,-23.4451,33.0734,22.1786,2024-02-12 15:42:26.202,3.0
-0.8628,-0.2336,0.292,-13.3972,23.7198,22.4228,2024-02-12 15:42:26.234,3.0
-0.8608,-0.2463,0.2061,-13.3896,13.1531,13.5803,2024-02-12 15:42:26.243,3.0
-0.9058,-0.1882,0.1567,-12.1002,5.1727,2.3041,2024-02-12 15:42:26.251,3.0
-0.9404,-0.0618,-0.0017,-11.3907,-0.4654,-1.5869,2024-02-12 15:42:26.334,3.0
-0.8406,-0.03,-0.0154,-14.4272,2.7466,-9.964,2024-02-12 15:42:26.334,3.0
-0.8508,-0.0295,0.1494,-22.0871,12.4893,-23.9944,2024-02-12 15:42:26.334,3.0
-0.9705,0.0,0.3293,-26.9699,20.8511,-29.5792,2024-02-12 15:42:26.334,3.0
-1.0264,0.0884,0.3667,-31.9443,14.8697,-22.2092,2024-02-12 15:42:26.334,3.0
-0.9329,-0.0225,0.2041,-42.3279,-0.1144,-14.4196,2024-02-12 15:42:26.342,3.0
-0.7371,-0.3083,-0.0051,-57.1899,33.9127,-41.7786,2024-02-12 15:42:26.367,3.0
-1.1013,-0.2446,0.1257,-43.5791,54.1306,-86.2122,2024-02-12 15:42:26.392,3.0
-1.3425,-0.7317,-0.0649,-30.1132,35.08,-80.2765,2024-02-12 15:42:26.408,3.0
-1.4194,-0.6484,-0.0974,23.0637,-5.4474,-59.5093,2024-02-12 15:42:26.424,3.0
-1.0686,-0.5107,-0.4719,25.5737,-51.4374,-41.5955,2024-02-12 15:42:26.448,3.0
-0.8796,-0.2,-0.4602,15.3275,-71.9681,-34.9655,2024-02-12 15:42:26.466,3.0
-0.7271,0.0408,-0.4028,-9.8114,-62.1872,-6.9351,2024-02-12 15:42:26.483,3.0
-0.6013,0.041,-0.1506,-21.492,-12.764,11.0168,2024-02-12 15:42:26.516,3.0
-0.8074,0.1152,-0.0732,-25.5432,38.9938,14.2059,2024-02-12 15:42:26.516,3.0
-1.1584,0.1118,-0.1055,-24.8184,59.0668,22.4686,2024-02-12 15:42:26.532,3.0
-1.2642,-0.03,-0.2007,-22.4152,32.6233,34.2407,2024-02-12 15:42:26.551,3.0
-1.1472,-0.0686,-0.1267,-28.1067,-19.3939,45.3415,2024-02-12 15:42:26.575,3.0
-0.9482,-0.1702,0.0063,-23.2239,-56.6788,51.3077,2024-02-12 15:42:26.591,3.0
-0.584,-0.2407,-0.177,-27.1988,-38.8336,53.5278,2024-02-12 15:42:26.607,3.0
-0.4578,-0.1919,-0.0361,-28.0304,0.2899,50.827,2024-02-12 15:42:26.632,3.0
-0.4983,-0.1062,0.0759,-23.7274,26.5503,47.5082,2024-02-12 15:42:26.660,3.0
-0.6357,-0.0488,0.1367,-16.2125,35.2325,43.0374,2024-02-12 15:42:26.668,3.0
-0.7202,-0.0063,0.1082,-11.2457,27.9694,42.5644,2024-02-12 15:42:26.676,3.0
-0.6887,0.0398,0.073,-10.376,4.2191,38.8641,2024-02-12 15:42:26.693,3.0
-0.6194,0.0354,0.0718,-9.491,-8.7509,33.371,2024-02-12 15:42:26.717,3.0
-0.5095,0.0059,0.0652,-8.4915,-6.5842,25.9476,2024-02-12 15:42:26.734,3.0
-0.4851,0.0017,0.1121,-6.0043,10.2539,13.7634,2024-02-12 15:42:26.750,3.0
-0.4368,0.0298,0.1157,-7.1564,25.5432,2.2659,2024-02-12 15:42:26.767,3.0
-0.5635,0.0605,0.2644,-5.1651,29.8157,-13.9999,2024-02-12 15:42:26.791,3.0
-0.7688,0.0198,0.2788,-0.351,19.8975,-20.8054,2024-02-12 15:42:26.808,3.0
-0.9597,-0.0039,0.1997,4.0817,-4.7531,-16.8457,2024-02-12 15:42:26.824,3.0
-0.9595,-0.0117,0.0515,1.8311,-32.959,-5.0964,2024-02-12 15:42:26.840,3.0
-0.7705,-0.0769,0.002,-4.1504,-43.6325,-0.9995,2024-02-12 15:42:26.867,3.0
-0.6804,-0.0623,0.0105,-3.2501,-14.801,-7.5455,2024-02-12 15:42:26.883,3.0
-0.8416,0.0356,0.0383,-8.6365,44.5328,-8.7204,2024-02-12 15:42:26.900,3.0
-1.0549,0.1011,0.2937,-6.5231,77.2858,-12.2528,2024-02-12 15:42:26.924,3.0
-1.281,-0.0166,0.4526,4.6692,65.2924,-9.2392,2024-02-12 15:42:26.932,3.0
-1.3208,0.0249,0.2095,24.5667,43.4189,4.2267,2024-02-12 15:42:26.958,3.0
-1.4087,0.0388,-0.1792,19.3481,53.1693,16.1438,2024-02-12 15:42:26.967,3.0
-1.6438,0.2083,-0.0359,4.0207,43.4723,40.0543,2024-02-12 15:42:26.991,3.0
-1.2471,0.3977,-0.5237,-3.0899,-11.1313,61.8134,2024-02-12 15:42:27.008,3.0
-1.03,0.2764,-0.6665,-30.5862,-37.8113,51.1093,2024-02-12 15:42:27.024,3.0
-0.8955,0.0432,-0.4443,-39.6652,-52.2003,55.3207,2024-02-12 15:42:27.049,3.0
-0.6033,-0.1096,-0.4812,-40.9012,-69.3283,47.0428,2024-02-12 15:42:27.067,3.0
-0.3296,-0.2344,-0.3325,-41.3361,-69.6869,25.8255,2024-02-12 15:42:27.084,3.0
-0.22,-0.2722,0.0254,-24.4675,-46.0663,-5.9128,2024-02-12 15:42:27.100,3.0
-0.4424,-0.1572,0.0847,2.3575,1.1902,-28.9993,2024-02-12 15:42:27.116,3.0
-0.8025,-0.0518,-0.116,8.3923,47.8897,-33.8058,2024-02-12 15:42:27.132,3.0
-1.0918,0.041,-0.302,-2.4948,53.2684,-38.1546,2024-02-12 15:42:27.157,3.0
-1.2808,0.0759,-0.3518,-27.1759,12.3367,-44.2047,2024-02-12 15:42:27.174,3.0
-1.1606,-0.0208,-0.1306,-31.1813,-62.7823,-38.2156,2024-02-12 15:42:27.191,3.0
-0.8167,0.0271,-0.1223,-30.4489,-100.975,-35.3241,2024-02-12 15:42:27.216,3.0
-0.55,0.0632,-0.1189,-35.0571,-88.7833,-41.0538,2024-02-12 15:42:27.229,3.0
-0.4062,0.0745,-0.0898,-42.305,-55.0842,-47.8821,2024-02-12 15:42:27.246,3.0
-0.4897,0.0566,-0.01,-55.7861,-15.9531,-55.0537,2024-02-12 15:42:27.266,3.0
-0.5972,0.0229,-0.0208,-66.9098,10.3607,-55.4352,2024-02-12 15:42:27.282,3.0
-0.781,-0.0601,0.0691,-69.9539,12.8021,-48.3093,2024-02-12 15:42:27.295,3.0
-0.8589,-0.1279,0.0977,-67.3141,-6.2332,-36.1099,2024-02-12 15:42:27.319,3.0
-0.7278,-0.1443,0.0789,-63.6444,-24.0326,-20.5612,2024-02-12 15:42:27.344,3.0
-0.575,-0.1504,0.1096,-61.9278,-23.6359,-8.9951,2024-02-12 15:42:27.352,3.0
-0.4868,-0.1721,0.1741,-58.9981,-2.6016,2.2354,2024-02-12 15:42:27.377,3.0
-0.5737,-0.209,0.271,-52.5665,31.9672,14.7324,2024-02-12 15:42:27.402,3.0
-0.7214,-0.1938,0.3296,-43.3502,43.8156,22.1634,2024-02-12 15:42:27.410,3.0
-0.9036,-0.1663,0.3752,-29.2892,38.3377,25.2991,2024-02-12 15:42:27.434,3.0
-0.967,-0.2119,0.252,-25.3601,15.0375,20.9732,2024-02-12 15:42:27.450,3.0
-0.9656,-0.2185,0.2095,-23.9716,-14.595,10.4675,2024-02-12 15:42:27.468,3.0
-0.895,-0.05,0.021,-17.4026,-28.0609,2.6398,2024-02-12 15:42:27.484,3.0
-0.7307,-0.0181,-0.0916,-17.189,-20.6985,-6.7291,2024-02-12 15:42:27.509,3.0
-0.6877,-0.0151,0.0793,-17.2577,4.2038,-27.0081,2024-02-12 15:42:27.525,3.0
-0.8855,-0.1106,0.3738,-22.7814,27.3666,-34.8511,2024-02-12 15:42:27.542,3.0
-1.0303,-0.0649,0.3704,-26.8784,30.5786,-29.007,2024-02-12 15:42:27.566,3.0
-0.9468,-0.2483,0.0217,-37.4603,29.7928,-30.6854,2024-02-12 15:42:27.576,3.0
-1.1006,-0.1418,0.1167,-35.9192,39.4669,-63.8657,2024-02-12 15:42:27.593,3.0
-1.3821,-0.4194,0.0808,-35.1715,11.7111,-77.0111,2024-02-12 15:42:27.617,3.0
-1.4036,-0.5288,0.0508,-11.1465,-8.4076,-61.5005,2024-02-12 15:42:27.633,3.0
-1.2761,-0.3608,-0.3127,5.9967,-39.6652,-51.8112,2024-02-12 15:42:27.649,3.0
-1.064,-0.2166,-0.4539,-4.2267,-72.6776,-36.9034,2024-02-12 15:42:27.665,3.0
-0.802,-0.092,-0.3342,-23.6969,-88.9053,-16.1514,2024-02-12 15:42:27.698,3.0
-0.5691,0.0676,-0.1653,-39.1922,-68.9392,10.8414,2024-02-12 15:42:27.707,3.0
-0.4709,0.1155,-0.1562,-43.2434,-7.2708,25.4669,2024-02-12 15:42:27.723,3.0
-0.6587,0.1716,-0.1804,-52.8717,58.0063,21.8506,2024-02-12 15:42:27.739,3.0
-1.0125,0.1121,-0.0476,-56.9687,74.1348,16.9296,2024-02-12 15:42:27.764,3.0
-1.2483,-0.1248,-0.054,-44.9905,44.2505,23.1705,2024-02-12 15:42:27.780,3.0
-1.1804,-0.1885,-0.0879,-43.5715,-12.4512,34.7595,2024-02-12 15:42:27.805,3.0
-1.0059,-0.2222,-0.0413,-41.1148,-48.4238,39.3219,2024-02-12 15:42:27.821,3.0
-0.7983,-0.2107,-0.0415,-35.5835,-40.0162,44.2123,2024-02-12 15:42:27.830,3.0
-0.6331,-0.1216,-0.0273,-30.22,-11.3144,45.3873,2024-02-12 15:42:27.855,3.0
-0.6279,-0.0513,0.0271,-27.8091,4.158,42.4805,2024-02-12 15:42:27.871,3.0
-0.677,-0.0178,0.0701,-22.9645,8.049,38.0096,2024-02-12 15:42:27.896,3.0
-0.6829,-0.0217,0.0605,-19.2642,0.4425,33.493,2024-02-12 15:42:27.911,3.0
-0.6575,-0.0046,0.0461,-15.686,-5.3711,29.6631,2024-02-12 15:42:27.927,3.0
-0.584,0.0105,0.0579,-12.1918,-3.891,25.7797,2024-02-12 15:42:27.952,3.0
-0.499,0.0317,0.0847,-10.5515,3.685,19.6228,2024-02-12 15:42:27.960,3.0
-0.4678,0.0632,0.1589,-7.103,14.8773,9.552,2024-02-12 15:42:27.976,3.0
-0.5261,0.0999,0.208,-1.7853,27.0691,-0.2899,2024-02-12 15:42:28.000,3.0
-0.5859,0.1221,0.2234,1.8997,32.4554,-9.0866,2024-02-12 15:42:28.017,3.0
-0.728,0.1003,0.2454,3.7766,26.2604,-16.5634,2024-02-12 15:42:28.042,3.0
-0.8879,0.043,0.1924,1.8234,13.2217,-18.6844,2024-02-12 15:42:28.058,3.0
-0.9407,0.0,0.1963,0.267,-8.9798,-13.9084,2024-02-12 15:42:28.074,3.0
-0.8452,-0.0112,0.0237,-0.946,-37.0331,-8.0872,2024-02-12 15:42:28.100,3.0
-0.7351,0.0742,-0.1887,-9.0408,-23.056,-2.5406,2024-02-12 15:42:28.109,3.0
-0.7493,0.0376,-0.095,-19.371,43.4647,-7.2556,2024-02-12 15:42:28.125,3.0
-1.0393,0.1216,0.2625,-14.5111,86.2198,-9.0942,2024-02-12 15:42:28.141,3.0
-1.281,-0.0085,0.3992,0.6485,72.9904,-2.2812,2024-02-12 15:42:28.166,3.0
-1.2761,-0.0295,0.2322,12.8937,45.9671,8.7357,2024-02-12 15:42:28.183,3.0
-1.2627,0.0042,0.0759,17.6697,42.5491,15.3503,2024-02-12 15:42:28.208,3.0
-1.3586,0.1616,0.0542,13.031,28.4882,21.4462,2024-02-12 15:42:28.216,3.0
-1.1218,0.3879,-0.3704,-0.2213,-9.964,35.1563,2024-02-12 15:42:28.241,3.0
-1.073,0.4031,-0.5103,-18.6768,-9.4757,38.62,2024-02-12 15:42:28.257,3.0
-1.0286,0.2861,-0.4724,-36.2701,-13.5803,43.541,2024-02-12 15:42:28.278,3.0
-0.877,0.0393,-0.4309,-46.6003,-35.7437,40.1993,2024-02-12 15:42:28.303,3.0
-0.6187,-0.2397,-0.158,-41.0614,-67.0624,28.3813,2024-02-12 15:42:28.311,3.0
-0.4336,-0.2898,0.0398,-21.5378,-72.6547,7.3624,2024-02-12 15:42:28.327,3.0
-0.3879,-0.2695,0.0271,-7.5455,-35.9573,-13.1454,2024-02-12 15:42:28.343,3.0
-0.6482,-0.2231,0.0032,2.0065,30.0674,-22.1405,2024-02-12 15:42:28.368,3.0
-0.9138,-0.1169,-0.1914,1.152,70.5261,-25.2762,2024-02-12 15:42:28.385,3.0
-1.0208,-0.0315,-0.4006,-12.3672,64.6973,-27.5497,2024-02-12 15:42:28.401,3.0
-1.1821,0.021,-0.2002,-27.2827,-7.2327,-34.2407,2024-02-12 15:42:28.417,3.0
-1.0298,0.0415,-0.1414,-27.4048,-70.0607,-26.413,2024-02-12 15:42:28.442,3.0
-0.7229,0.0649,-0.1465,-32.1045,-74.2035,-26.3672,2024-02-12 15:42:28.458,3.0
-0.4978,0.0098,-0.1245,-37.9639,-54.1153,-36.4227,2024-02-12 15:42:28.475,3.0
-0.488,-0.0837,-0.0564,-44.3878,-19.104,-47.5159,2024-02-12 15:42:28.492,3.0
-0.6028,-0.0996,-0.0088,-49.0952,13.649,-52.2766,2024-02-12 15:42:28.510,3.0
-0.7913,-0.1016,0.0417,-54.1153,20.9579,-51.9791,2024-02-12 15:42:28.534,3.0
-0.8618,-0.1084,0.0496,-55.6335,-0.6866,-43.7317,2024-02-12 15:42:28.550,3.0
-0.811,-0.1013,0.0593,-55.0995,-24.5514,-31.1127,2024-02-12 15:42:28.567,3.0
-0.6772,-0.106,0.0674,-55.9464,-31.0287,-18.631,2024-02-12 15:42:28.583,3.0
-0.5649,-0.0986,0.0957,-55.6488,-20.3247,-10.0861,2024-02-12 15:42:28.600,3.0
-0.552,-0.1184,0.1257,-53.566,10.0784,-1.2512,2024-02-12 15:42:28.616,3.0
-0.6116,-0.1511,0.176,-48.8815,29.7546,8.1711,2024-02-12 15:42:28.641,3.0
-0.7307,-0.177,0.2397,-40.9088,35.2783,17.0898,2024-02-12 15:42:28.658,3.0
-0.834,-0.2468,0.2275,-29.6555,30.5786,24.0936,2024-02-12 15:42:28.682,3.0
-0.8965,-0.2278,0.2524,-23.4375,20.9427,20.2713,2024-02-12 15:42:28.699,3.0
-0.9341,-0.1792,0.2585,-18.8599,0.2289,13.5956,2024-02-12 15:42:29.126,3.0
-0.9001,-0.1743,0.094,-12.764,-15.419,3.006,2024-02-12 15:42:29.126,3.0
-0.8926,-0.0901,-0.0176,-11.5814,-16.9373,-4.9133,2024-02-12 15:42:29.126,3.0
-0.7881,-0.0442,-0.009,-6.6452,-11.8027,-16.7084,2024-02-12 15:42:29.126,3.0
-0.8362,-0.0291,0.1492,-16.8457,-3.6545,-26.6342,2024-02-12 15:42:29.126,3.0
-0.926,0.0579,0.3293,-24.1318,7.1182,-26.8936,2024-02-12 15:42:29.132,3.0
-1.0154,0.1482,0.3098,-30.899,11.2915,-18.5394,2024-02-12 15:42:29.132,3.0
-0.9602,0.0488,0.0886,-44.4489,4.0436,-8.8654,2024-02-12 15:42:29.132,3.0
-0.824,-0.2275,-0.0186,-62.8967,12.5198,-26.8784,2024-02-12 15:42:29.333,3.0
-0.3826,0.0242,0.0554,35.1105,15.5182,2.6169,2024-02-12 15:42:29.333,3.0
-0.4714,0.0459,0.0952,35.1563,23.262,-7.1793,2024-02-12 15:42:29.333,3.0
-0.5825,0.0608,0.1863,33.3176,20.7901,-13.3133,2024-02-12 15:42:29.333,3.0
-0.696,0.0588,0.241,32.1045,14.0839,-18.2724,2024-02-12 15:42:29.333,3.0
-0.8291,0.0879,0.197,33.7906,14.534,-23.2925,2024-02-12 15:42:29.333,3.0
-0.9031,0.1084,0.0549,32.6996,8.5449,-21.4157,2024-02-12 15:42:29.341,3.0
-0.887,0.0271,-0.1313,20.3094,-6.1264,-15.0375,2024-02-12 15:42:29.366,3.0
-0.9434,-0.1453,0.0276,13.7863,5.188,-13.4735,2024-02-12 15:42:29.390,3.0
-1.0586,-0.2778,0.1729,25.7187,32.5546,-7.9422,2024-02-12 15:42:29.399,3.0
-1.1123,-0.1648,0.2424,46.1655,40.3671,0.0763,2024-02-12 15:42:29.423,3.0
-1.1042,-0.0972,0.3323,60.3561,28.923,3.4103,2024-02-12 15:42:29.435,3.0
-1.0298,-0.1697,0.4041,75.3555,10.2005,-0.3052,2024-02-12 15:42:29.457,3.0
-0.9963,-0.0632,0.1721,95.4666,13.3896,0.3204,2024-02-12 15:42:29.473,3.0
-1.1602,0.0688,0.1191,95.0012,36.6592,2.8687,2024-02-12 15:42:29.489,3.0
-1.1953,0.3081,-0.075,94.101,17.6315,15.9836,2024-02-12 15:42:29.513,3.0
-1.0173,0.3877,-0.4185,79.5135,-4.4098,23.056,2024-02-12 15:42:29.530,3.0
-0.9688,0.2292,-0.3752,49.8047,-1.0529,20.752,2024-02-12 15:42:29.550,3.0
-1.0513,0.0522,-0.1787,40.7257,21.9803,34.6298,2024-02-12 15:42:29.567,3.0
-0.8962,-0.0698,-0.1941,37.6053,30.2658,46.875,2024-02-12 15:42:29.583,3.0
-0.6716,-0.1292,-0.2026,38.9023,7.7209,39.0549,2024-02-12 15:42:29.599,3.0
-0.5085,-0.2637,-0.0544,40.5579,-15.0299,20.3934,2024-02-12 15:42:29.615,3.0
-0.4365,-0.3516,0.0542,53.8712,-8.5068,5.9204,2024-02-12 15:42:29.638,3.0
-0.5103,-0.2676,-0.1162,62.7213,31.5552,-7.8964,2024-02-12 15:42:29.662,3.0
-0.7686,-0.0837,-0.2424,57.0068,97.702,-7.7667,2024-02-12 15:42:29.679,3.0
-0.9648,-0.0154,-0.2341,43.808,102.1194,-17.1509,2024-02-12 15:42:29.695,3.0
-1.2317,-0.1262,-0.2258,35.5377,41.832,-24.292,2024-02-12 15:42:29.711,3.0
-1.2026,-0.1921,-0.095,37.529,-35.8582,-12.5504,2024-02-12 15:42:29.728,3.0
-0.9563,-0.1812,0.0149,41.9998,-76.7288,-17.8757,2024-02-12 15:42:29.752,3.0
-0.8145,-0.144,-0.0715,41.5573,-77.9877,-22.6746,2024-02-12 15:42:29.769,3.0
-0.7104,-0.1006,-0.1287,32.5317,-67.2531,-25.3372,2024-02-12 15:42:29.786,3.0
-0.6953,-0.123,-0.0674,18.6386,-55.8395,-26.1993,2024-02-12 15:42:29.802,3.0
-0.7124,-0.199,-0.0049,11.3907,-44.2886,-26.0468,2024-02-12 15:42:29.826,3.0
-0.6895,-0.2168,0.0996,10.025,-42.4194,-26.7868,2024-02-12 15:42:29.843,3.0
-0.6128,-0.093,0.1106,9.5367,-48.9502,-29.6021,2024-02-12 15:42:29.859,3.0
-0.5942,0.0488,0.127,6.0043,-41.2521,-24.8566,2024-02-12 15:42:29.878,3.0
-0.5789,0.0955,0.04,-5.4626,-14.389,-14.6484,2024-02-12 15:42:29.894,3.0
-0.5825,0.093,0.0623,-21.5607,9.0256,-4.7302,2024-02-12 15:42:29.911,3.0
-0.5999,0.0784,0.1199,-34.5917,22.9263,5.0049,2024-02-12 15:42:29.927,3.0
-0.6521,0.0266,0.1633,-41.5649,33.3176,10.994,2024-02-12 15:42:29.951,3.0
-0.7339,0.0015,0.1094,-46.669,42.9535,16.2506,2024-02-12 15:42:29.968,3.0
-0.822,-0.0061,0.0786,-56.8085,45.845,14.6713,2024-02-12 15:42:29.984,3.0
-0.9529,-0.0134,0.1423,-63.7054,36.1023,9.8495,2024-02-12 15:42:30.001,3.0
-1.0103,-0.0542,0.1384,-64.8346,9.3536,1.6098,2024-02-12 15:42:30.021,3.0
-0.9749,-0.1077,0.0566,-67.0853,-11.1465,-9.1782,2024-02-12 15:42:30.046,3.0
-0.9155,-0.1265,0.1133,-73.5626,-28.2745,-17.5323,2024-02-12 15:42:30.062,3.0
-0.8386,-0.1309,0.2019,-74.3103,-30.7388,-21.4691,2024-02-12 15:42:30.079,3.0
-0.802,-0.0774,0.2805,-75.7523,-18.0817,-21.7361,2024-02-12 15:42:30.095,3.0
-0.8042,-0.0586,0.2898,-78.9719,1.2054,-19.1879,2024-02-12 15:42:30.111,3.0
-0.7327,-0.3286,0.1299,-88.6612,24.9329,-25.8484,2024-02-12 15:42:30.136,3.0
-0.9944,-0.3372,0.1772,-88.6917,53.9551,-50.9949,2024-02-12 15:42:30.162,3.0
-1.3516,-0.416,0.1558,-70.6177,44.6548,-56.1371,2024-02-12 15:42:30.170,3.0
-1.4441,-0.4944,0.0369,-47.1649,19.5389,-47.0734,2024-02-12 15:42:30.186,3.0
-1.4048,-0.4165,-0.0295,-18.0969,-15.6708,-45.6848,2024-02-12 15:42:30.203,3.0
-1.1155,-0.4497,-0.1855,-7.8278,-54.2145,-42.3126,2024-02-12 15:42:30.220,3.0
-0.9131,-0.248,-0.1873,-12.0773,-76.622,-32.8293,2024-02-12 15:42:30.236,3.0
-0.6895,-0.1567,-0.0608,-22.2473,-88.3942,-3.0518,2024-02-12 15:42:30.260,3.0
-0.5088,-0.1345,-0.075,-24.9405,-80.8334,23.5443,2024-02-12 15:42:30.276,3.0
-0.3862,-0.1077,-0.1843,-32.3181,-43.8538,35.1639,2024-02-12 15:42:30.292,3.0
-0.4099,-0.0464,-0.1697,-42.4805,10.2158,26.2833,2024-02-12 15:42:30.316,3.0
-0.655,0.0371,-0.0481,-47.2336,56.7398,2.8687,2024-02-12 15:42:30.332,3.0
-1.1208,0.0146,-0.0522,-46.5317,65.3992,0.0229,2024-02-12 15:42:30.340,3.0
-1.312,-0.1035,-0.1882,-45.784,39.1312,23.3536,2024-02-12 15:42:30.364,3.0
-1.0381,-0.1765,-0.2068,-52.9175,-3.0823,35.5072,2024-02-12 15:42:30.381,3.0
-0.8589,-0.2224,-0.0417,-54.1,-19.3863,32.0511,2024-02-12 15:42:30.405,3.0
-0.876,-0.2629,0.0449,-44.8227,1.6174,32.2189,2024-02-12 15:42:30.421,3.0
-0.9163,-0.2217,-0.0098,-34.5383,25.0549,38.3911,2024-02-12 15:42:30.438,3.0
-0.9646,-0.1257,-0.0518,-29.3198,26.5427,43.7622,2024-02-12 15:42:30.454,3.0
-0.9727,-0.0259,-0.0103,-26.1536,-0.3967,49.3851,2024-02-12 15:42:30.478,3.0
-0.8535,-0.0063,0.0017,-20.9732,-28.4729,52.9404,2024-02-12 15:42:30.502,3.0
-0.6807,0.0193,-0.0195,-17.4484,-39.3524,51.506,2024-02-12 15:42:30.511,3.0
-0.4829,-0.0122,-0.0378,-17.2043,-37.4222,42.0151,2024-02-12 15:42:30.535,3.0
-0.3704,-0.0049,0.0439,-14.2899,-17.2424,27.2369,2024-02-12 15:42:30.551,3.0
-0.3313,0.0369,0.135,-11.9019,6.5079,15.4266,2024-02-12 15:42:30.568,3.0
-0.3816,0.1086,0.2,-7.9498,30.6702,3.1204,2024-02-12 15:42:30.586,3.0
-0.4673,0.1721,0.2292,-5.1651,41.1224,-10.9253,2024-02-12 15:42:30.603,3.0
-0.6426,0.1448,0.2212,-7.1564,33.3939,-21.3623,2024-02-12 15:42:30.628,3.0
-0.804,0.0806,0.1987,-11.2991,17.7383,-21.4462,2024-02-12 15:42:30.644,3.0
-0.8657,0.0349,0.1389,-14.473,-8.728,-11.3831,2024-02-12 15:42:30.660,3.0
-0.7456,0.054,-0.0173,-24.0402,-28.3508,-1.8463,2024-02-12 15:42:30.678,3.0
-0.7266,0.2549,-0.219,-34.5535,1.03,3.3188,2024-02-12 15:42:30.702,3.0
-0.8242,0.2095,-0.1531,-51.3916,67.2607,1.3809,2024-02-12 15:42:30.719,3.0
-1.0662,0.1338,0.2451,-48.6221,91.6443,-1.3123,2024-02-12 15:42:30.736,3.0
-1.2368,-0.0164,0.3748,-27.8931,77.2324,1.1215,2024-02-12 15:42:30.752,3.0
-1.2991,-0.0652,0.1028,-9.7656,70.0684,10.0555,2024-02-12 15:42:30.768,3.0
-1.4531,-0.1064,0.1255,-10.5591,55.4123,13.8245,2024-02-12 15:42:30.795,3.0
-1.4307,0.0078,0.1187,1.1597,11.0474,25.8636,2024-02-12 15:42:30.811,3.0
-1.2747,0.1821,-0.2341,2.4414,-17.1967,29.2511,2024-02-12 15:42:30.827,3.0
-1.2158,0.0227,-0.3408,-3.8605,-26.886,33.5846,2024-02-12 15:42:30.844,3.0
-1.0259,-0.0784,-0.2065,-1.1826,-51.4374,32.8522,2024-02-12 15:42:30.868,3.0
-0.728,-0.175,-0.1018,0.4425,-96.489,27.2064,2024-02-12 15:42:30.878,3.0
-0.3904,-0.1655,0.0176,13.3057,-123.1689,16.2048,2024-02-12 15:42:30.903,3.0
-0.1729,-0.209,-0.0151,19.0125,-102.6459,-1.1673,2024-02-12 15:42:30.920,3.0
-0.1843,-0.1475,-0.0305,26.3672,-40.863,-18.5242,2024-02-12 15:42:30.936,3.0
-0.4116,-0.0994,-0.0764,29.8615,44.0903,-27.4506,2024-02-12 15:42:30.951,3.0
-0.8381,-0.0317,-0.0828,30.0217,98.587,-27.2522,2024-02-12 15:42:30.968,3.0
-1.1316,0.0325,-0.1301,22.4457,83.931,-25.3754,2024-02-12 15:42:30.992,3.0
-1.2078,0.0996,-0.1499,12.2223,3.0823,-25.6653,2024-02-12 15:42:31.008,3.0
-1.0327,0.1069,-0.1387,8.0185,-73.6923,-30.6702,2024-02-12 15:42:31.033,3.0
-0.8628,0.0789,-0.1157,3.006,-71.4111,-28.1448,2024-02-12 15:42:31.041,3.0
-0.7461,-0.0151,-0.0952,-0.5493,-24.437,-30.1666,2024-02-12 15:42:31.057,3.0
-0.8267,-0.1411,-0.1597,-10.4828,25.444,-34.3094,2024-02-12 15:42:31.084,3.0
-0.9839,-0.1589,-0.0588,-15.4343,39.711,-41.893,2024-02-12 15:42:31.101,3.0
-1.1375,-0.1545,-0.0459,-17.2119,28.5721,-49.0799,2024-02-12 15:42:31.118,3.0
-1.2288,-0.1504,-0.0256,-13.71,-0.3433,-46.3257,2024-02-12 15:42:31.134,3.0
-1.1121,-0.1355,-0.0398,-11.5356,-27.5421,-35.4309,2024-02-12 15:42:31.167,3.0
-0.8447,-0.1509,-0.0491,-13.6032,-36.2244,-22.3541,2024-02-12 15:42:31.175,3.0
-0.676,-0.1587,-0.0042,-15.6937,-22.6212,-14.8315,2024-02-12 15:42:31.191,3.0
-0.5447,-0.1458,0.0718,-15.1901,5.188,-7.4234,2024-02-12 15:42:31.207,3.0
-0.5093,-0.1462,0.1465,-12.3291,24.6658,-2.7008,2024-02-12 15:42:31.223,3.0
-0.5286,-0.1462,0.1987,-7.9498,29.3045,4.921,2024-02-12 15:42:31.248,3.0
-0.562,-0.1287,0.2603,0.1831,23.6282,17.6239,2024-02-12 15:42:31.264,3.0
-0.5396,-0.125,0.2297,14.4882,12.4359,26.207,2024-02-12 15:42:31.280,3.0
-0.4573,-0.292,0.0601,12.4969,5.2032,18.4631,2024-02-12 15:42:31.296,3.0
-0.6262,-0.1572,0.0737,4.425,9.3002,8.6975,2024-02-12 15:42:31.322,3.0
-0.6965,0.0186,0.0681,12.9242,13.5574,7.0724,2024-02-12 15:42:31.338,3.0
-0.77,0.1484,-0.0173,10.8871,13.5117,-9.9411,2024-02-12 15:42:31.354,3.0
-0.8608,0.1113,0.1082,-5.9357,-6.9504,-23.2239,2024-02-12 15:42:31.370,3.0
-0.9199,0.1265,0.2292,-18.8675,-26.3519,-29.9683,2024-02-12 15:42:31.394,3.0
-0.8904,0.2266,0.2446,-30.8914,-34.4162,-24.1776,2024-02-12 15:42:31.410,3.0
-0.9294,0.3154,0.3049,-47.8287,-35.0494,-13.298,2024-02-12 15:42:31.426,3.0
-0.822,-0.1516,0.1907,-69.8471,-32.2723,2.6703,2024-02-12 15:42:31.451,3.0
-0.7781,-0.4443,0.0505,-74.2264,14.2136,-12.7182,2024-02-12 15:42:31.467,3.0
-1.0186,-0.5786,0.0879,-54.1992,66.5665,-55.3741,2024-02-12 15:42:31.483,3.0
-1.4136,-0.752,0.0671,-22.2931,69.7556,-80.6961,2024-02-12 15:42:31.500,3.0
-1.6313,-0.7676,-0.0969,24.9405,8.6365,-74.6002,2024-02-12 15:42:31.516,3.0
-1.3054,-0.3289,-0.4539,40.802,-98.8235,-37.3306,2024-02-12 15:42:31.540,3.0
-0.7397,0.0227,-0.4194,2.594,-152.3285,-10.7422,2024-02-12 15:42:31.556,3.0
-0.2925,-0.053,0.0728,-15.5792,-94.7266,27.1606,2024-02-12 15:42:31.572,3.0
-0.2939,-0.2092,0.1577,1.7776,3.6011,31.4713,2024-02-12 15:42:31.596,3.0
-0.6543,-0.0508,0.0115,3.3264,69.3588,9.7961,2024-02-12 15:42:31.604,3.0
-1.2422,-0.0605,0.0713,18.2419,76.3779,-8.5526,2024-02-12 15:42:31.629,3.0
-1.5898,-0.2615,-0.1104,36.5372,29.213,13.588,2024-02-12 15:42:31.646,3.0
-1.2678,-0.1943,-0.1008,35.3775,-52.5513,31.0516,2024-02-12 15:42:31.662,3.0
-0.8489,-0.2874,-0.0881,40.6876,-90.6525,34.8129,2024-02-12 15:42:31.686,3.0
-0.5984,-0.3403,0.0269,52.8793,-56.5872,35.1028,2024-02-12 15:42:31.702,3.0
-0.5085,-0.248,-0.0693,59.9213,2.8763,32.1732,2024-02-12 15:42:31.721,3.0
-0.6326,-0.1426,-0.0723,64.7049,49.736,27.6108,2024-02-12 15:42:31.737,3.0
-0.9124,-0.1157,0.0674,67.5888,67.1921,24.4293,2024-02-12 15:42:31.771,3.0
-1.0503,-0.1296,0.0532,72.8531,51.7578,28.9764,2024-02-12 15:42:31.779,3.0
-1.0183,-0.0847,0.0303,75.5005,21.9574,36.377,2024-02-12 15:42:31.787,3.0
-0.7427,0.0249,-0.0464,72.5861,-2.8076,33.3786,2024-02-12 15:42:31.803,3.0
-0.5391,0.1304,-0.0288,64.3311,4.0359,19.3634,2024-02-12 15:42:31.827,3.0
-0.47,0.1697,-0.0024,55.0003,22.4609,5.722,2024-02-12 15:42:31.852,3.0
-0.5125,0.208,0.1228,45.7306,35.202,-3.746,2024-02-12 15:42:31.860,3.0
-0.6091,0.1741,0.2634,39.0015,35.7971,-12.7563,2024-02-12 15:42:31.877,3.0
-0.6855,0.166,0.1655,36.6821,21.1182,-15.7089,2024-02-12 15:42:31.902,3.0
-0.7495,0.1746,-0.1423,23.201,2.1286,-12.7563,2024-02-12 15:42:31.920,3.0
-0.813,0.249,-0.0466,7.3547,-17.5781,-6.691,2024-02-12 15:42:31.936,3.0
-0.7881,0.1128,-0.1301,-10.8337,-20.1721,6.2256,2024-02-12 15:42:31.952,3.0
-0.7334,-0.0049,-0.0305,-27.0309,22.171,5.867,2024-02-12 15:42:31.976,3.0
-0.8262,-0.0459,0.1912,-25.1083,61.2335,1.4572,2024-02-12 15:42:31.993,3.0
-1.0488,-0.062,0.3354,-11.0855,66.0858,2.2125,2024-02-12 15:42:32.010,3.0
-1.0381,-0.0977,0.3401,-2.8305,39.1388,8.0795,2024-02-12 15:42:32.034,3.0
-0.9702,-0.0933,0.4219,5.3101,10.3378,5.4474,2024-02-12 15:42:32.042,3.0
-0.8904,-0.0503,0.3142,19.3253,10.0479,0.8926,2024-02-12 15:42:32.066,3.0
-1.0706,0.0652,0.1431,27.5269,55.3436,0.9155,2024-02-12 15:42:32.082,3.0
-1.1365,0.1965,-0.0874,18.2343,63.2401,11.1771,2024-02-12 15:42:32.107,3.0
-1.1475,0.2246,-0.3232,7.4539,22.9416,11.5128,2024-02-12 15:42:32.115,3.0
-1.293,0.2422,-0.4685,-2.2812,13.3514,22.2931,2024-02-12 15:42:32.139,3.0
-1.1597,0.1611,-0.5308,-18.6615,-8.1482,37.7884,2024-02-12 15:42:32.155,3.0
-0.832,-0.0127,-0.3088,-30.8228,-56.1981,42.1066,2024-02-12 15:42:32.171,3.0
-0.4214,-0.1697,-0.1514,-31.2805,-90.6219,31.7764,2024-02-12 15:42:32.195,3.0
-0.2336,-0.1816,-0.0706,-25.6195,-77.5528,5.7297,2024-02-12 15:42:32.203,3.0
-0.3652,-0.0742,-0.1091,-14.8468,-9.0866,-16.3193,2024-02-12 15:42:32.228,3.0
-0.6582,0.0229,-0.1641,-18.5699,41.8701,-22.2397,2024-02-12 15:42:32.247,3.0
-1.0525,0.0371,-0.2791,-35.8276,64.743,-14.5416,2024-02-12 15:42:32.264,3.0
-1.073,-0.0686,-0.1094,-51.3077,11.1084,-15.1367,2024-02-12 15:42:32.280,3.0
-1.0955,-0.1274,0.0054,-45.6238,-55.8167,-20.7672,2024-02-12 15:42:32.304,3.0
-0.8198,-0.0383,-0.1326,-44.8685,-83.4885,-17.9749,2024-02-12 15:42:32.321,3.0
-0.6006,-0.0054,-0.0994,-51.0178,-66.0782,-20.5536,2024-02-12 15:42:32.339,3.0
-0.5115,0.0308,-0.1018,-57.7164,-21.2326,-24.3988,2024-02-12 15:42:32.355,3.0
-0.6594,-0.0217,-0.0527,-68.9545,24.0479,-29.335,2024-02-12 15:42:32.371,3.0
-0.8713,-0.0869,-0.0254,-77.2018,44.2047,-37.5061,2024-02-12 15:42:32.396,3.0
-1.0596,-0.1726,0.0466,-80.6122,28.2364,-45.6009,2024-02-12 15:42:32.412,3.0
-1.1477,-0.1584,0.0679,-75.5539,-6.1798,-41.4658,2024-02-12 15:42:32.437,3.0
-1.0042,-0.0737,0.0588,-71.2509,-33.493,-32.1274,2024-02-12 15:42:32.445,3.0
-0.7639,-0.0701,0.012,-70.2438,-36.4838,-26.0315,2024-02-12 15:42:32.470,3.0
-0.5952,-0.1235,0.0278,-67.9626,-14.1068,-23.1552,2024-02-12 15:42:32.478,3.0
-0.5901,-0.2053,0.0789,-60.8292,16.5787,-21.1868,2024-02-12 15:42:32.503,3.0
-0.6743,-0.3054,0.1614,-49.4461,45.1355,-12.7106,2024-02-12 15:42:32.520,3.0
-0.7576,-0.3481,0.2529,-35.3775,48.2101,-0.9003,2024-02-12 15:42:32.536,3.0
-0.7827,-0.3574,0.2673,-16.9601,36.9186,9.6588,2024-02-12 15:42:32.560,3.0
-0.8318,-0.2715,0.332,5.1727,24.8413,14.4043,2024-02-12 15:42:32.568,3.0
-0.8389,-0.3101,0.2527,12.5198,7.0038,19.5389,2024-02-12 15:42:32.585,3.0
-0.853,-0.1912,0.2922,11.8637,-10.0937,11.1542,2024-02-12 15:42:32.610,3.0
-0.9175,0.0342,0.188,12.6038,-23.9258,12.6648,2024-02-12 15:42:32.634,3.0
-0.8267,0.1992,0.03,11.4517,-32.1045,13.0386,2024-02-12 15:42:32.651,3.0
-0.7405,0.2498,0.0894,-1.3504,-33.4244,4.3182,2024-02-12 15:42:32.667,3.0
-0.7415,0.1299,0.2639,-7.7209,-25.795,0.4425,2024-02-12 15:42:32.683,3.0
-0.7009,-0.0005,0.1689,-17.3874,-6.4774,-0.9079,2024-02-12 15:42:32.707,3.0
-0.7764,-0.0779,-0.0332,-36.5067,23.1247,-18.9514,2024-02-12 15:42:32.745,3.0
-1.0381,-0.0452,0.031,-41.1835,43.19,-45.9061,2024-02-12 15:42:32.750,3.0
-1.2253,-0.5571,-0.0527,-30.0751,42.3584,-53.1998,2024-02-12 15:42:32.782,3.0
-1.2004,-0.7932,-0.0627,-3.4637,23.5901,-56.3812,2024-02-12 15:42:32.782,3.0
-0.9897,-0.6738,-0.3508,22.4533,-39.0701,-59.2346,2024-02-12 15:42:32.798,3.0
-0.6875,-0.0254,-0.5154,17.1204,-77.7817,-57.106,2024-02-12 15:42:32.821,3.0
-0.6394,0.0303,-0.416,-17.7994,-45.2881,-35.6522,2024-02-12 15:42:32.838,3.0
-0.8286,-0.0483,0.167,-24.5285,8.9035,-6.7978,2024-02-12 15:42:32.859,3.0
-1.179,-0.0408,0.3071,1.6251,19.6381,19.2642,2024-02-12 15:42:32.867,3.0
-1.3733,-0.1382,0.0596,23.9944,-20.0348,41.5649,2024-02-12 15:42:32.891,3.0
-1.2168,-0.1895,-0.0264,29.007,-76.2711,56.6788,2024-02-12 15:42:32.907,3.0
-0.8467,-0.2183,-0.0308,32.074,-110.0006,61.7599,2024-02-12 15:42:32.923,3.0
-0.5723,-0.3044,-0.022,36.0641,-89.1953,57.4112,2024-02-12 15:42:32.939,3.0
-0.3472,-0.3572,0.0381,37.3917,-36.7279,47.554,2024-02-12 15:42:32.963,3.0
-0.3369,-0.1987,0.0703,39.4211,17.6849,32.2266,2024-02-12 15:42:32.979,3.0
-0.595,-0.0344,0.1421,43.9377,56.4346,17.3874,2024-02-12 15:42:32.988,3.0
-0.9438,-0.0029,0.1204,48.9883,57.1365,10.6354,2024-02-12 15:42:33.020,3.0
-1.1279,-0.0444,0.0627,50.3387,38.3682,13.3743,2024-02-12 15:42:33.037,3.0
-1.1377,-0.0234,0.0342,49.53,24.3988,18.0817,2024-02-12 15:42:33.045,3.0
-0.9849,0.0132,0.0601,48.645,21.9269,20.2179,2024-02-12 15:42:33.070,3.0
-0.8643,0.0352,0.0107,45.9061,34.9579,19.6304,2024-02-12 15:42:33.087,3.0
-0.7942,0.0403,0.0137,40.0848,49.2477,18.1885,2024-02-12 15:42:33.103,3.0
-0.7339,0.0823,0.0447,33.9279,53.9932,12.4054,2024-02-12 15:42:33.119,3.0
-0.7976,0.1582,0.1643,30.22,49.1638,4.3106,2024-02-12 15:42:33.144,3.0
-0.8591,0.1453,0.25,27.2903,35.408,-1.2054,2024-02-12 15:42:33.161,3.0
-0.9067,0.1101,0.2346,23.7122,5.8441,-0.6256,2024-02-12 15:42:33.170,3.0
-0.7856,0.177,0.116,13.4201,-32.2113,3.7079,2024-02-12 15:42:33.198,3.0
-0.6497,0.2749,0.0869,-0.412,-47.5769,5.7755,2024-02-12 15:42:33.213,3.0
-0.5544,0.2715,0.0098,-13.649,-40.3671,5.4398,2024-02-12 15:42:33.229,3.0
-0.4912,0.1582,-0.0664,-35.8658,-6.9046,1.5945,2024-02-12 15:42:33.254,3.0
-0.5161,-0.0388,0.0249,-47.9202,14.7629,-6.6223,2024-02-12 15:42:33.261,3.0
-0.6636,-0.1375,0.2441,-47.0505,21.6141,-15.2435,2024-02-12 15:42:33.287,3.0
-0.6694,-0.0908,0.3704,-35.2783,14.3661,-18.8522,2024-02-12 15:42:33.304,3.0
-0.6785,0.1233,0.1948,-24.0707,20.2484,-18.6615,2024-02-12 15:42:33.320,3.0
-0.9866,0.1389,-0.1492,-30.9067,76.7365,-8.5678,2024-02-12 15:42:33.336,3.0
-1.4661,0.3135,-0.3027,-44.1513,122.0322,20.2484,2024-02-12 15:42:33.362,3.0
-1.6511,0.2515,-0.4392,-61.6531,105.7281,56.7322,2024-02-12 15:42:33.370,3.0
-1.5405,-0.0737,-0.4385,-75.1038,12.6572,60.173,2024-02-12 15:42:33.394,3.0
-1.2234,-0.259,-0.478,-78.537,-95.2759,51.0635,2024-02-12 15:42:33.411,3.0
-0.6399,-0.1938,-0.3274,-78.2166,-139.122,37.9028,2024-02-12 15:42:33.436,3.0
-0.2764,-0.1648,0.0522,-63.6673,-109.0012,19.6915,2024-02-12 15:42:33.444,3.0
-0.1782,-0.1008,0.1692,-38.1241,-13.71,-9.079,2024-02-12 15:42:33.470,3.0
-0.575,0.1394,-0.0796,-23.0713,77.5757,-28.6713,2024-02-12 15:42:33.478,3.0
-1.0889,0.177,-0.2324,-36.4609,98.2819,-31.044,2024-02-12 15:42:33.502,3.0
-1.4705,0.0889,-0.3496,-61.7828,42.1448,-26.7868,2024-02-12 15:42:33.519,3.0
-1.386,-0.1003,-0.1807,-71.8155,-53.6652,-19.6304,2024-02-12 15:42:33.536,3.0
-0.907,-0.1348,-0.1016,-66.0019,-102.0813,-10.2005,2024-02-12 15:42:33.552,3.0
-0.5557,-0.0681,-0.0735,-62.088,-63.4766,-17.5476,2024-02-12 15:42:33.579,3.0
-0.5044,-0.0317,-0.0977,-59.7534,-3.3112,-29.8004,2024-02-12 15:42:33.596,3.0
-0.5803,0.0046,-0.0757,-60.5621,34.4162,-38.2233,2024-02-12 15:42:33.612,3.0
-0.748,0.0339,-0.0542,-60.2646,43.4341,-37.8723,2024-02-12 15:42:33.628,3.0
-0.8733,0.0071,-0.0364,-60.5774,20.9198,-30.4565,2024-02-12 15:42:33.652,3.0
-0.8401,-0.0654,-0.0122,-59.9365,-12.6572,-22.5525,2024-02-12 15:42:33.670,3.0
-0.7268,-0.1091,-0.0239,-56.2439,-34.0271,-15.48,2024-02-12 15:42:33.686,3.0
-0.6006,-0.1206,-0.0129,-52.0859,-32.0816,-10.2005,2024-02-12 15:42:33.703,3.0
-0.4985,-0.1365,0.061,-43.8995,-1.9684,-7.9498,2024-02-12 15:42:33.719,3.0
-0.5503,-0.1672,0.1152,-32.0129,37.1933,-8.194,2024-02-12 15:42:33.736,3.0
-0.7344,-0.1785,0.127,-17.7231,64.3692,-6.7444,2024-02-12 15:42:33.760,3.0
-0.8921,-0.1853,0.1038,-6.3095,60.6232,-4.2114,2024-02-12 15:42:33.779,3.0
-0.9995,-0.2119,0.1167,4.6158,37.468,1.3657,2024-02-12 15:42:33.787,3.0
-0.9175,-0.208,0.1299,16.2125,13.9313,8.1635,2024-02-12 15:42:33.811,3.0
-0.8323,-0.1541,0.1589,22.8195,13.2141,6.7215,2024-02-12 15:42:33.837,3.0
-0.7961,-0.114,0.1536,28.3585,20.5307,4.2648,2024-02-12 15:42:33.845,3.0
-0.801,-0.106,0.0481,31.0059,30.2734,0.1144,2024-02-12 15:42:33.862,3.0
-0.843,-0.073,-0.0149,28.1219,31.0974,-5.1727,2024-02-12 15:42:33.878,3.0
-0.8918,0.02,-0.0803,20.1874,20.546,-6.8817,2024-02-12 15:42:33.903,3.0
-0.8752,0.0698,-0.1086,9.2163,7.0419,-7.1793,2024-02-12 15:42:33.928,3.0
-0.8594,0.0767,-0.0967,-3.2425,-3.0594,-8.6136,2024-02-12 15:42:33.936,3.0
-0.8494,0.032,0.0071,-15.4648,-12.8403,-8.2397,2024-02-12 15:42:33.962,3.0
-0.8594,-0.0215,0.0251,-25.2533,-15.0604,-5.455,2024-02-12 15:42:33.979,3.0
-0.8074,-0.0867,0.0027,-33.7448,-5.7144,-7.3166,2024-02-12 15:42:33.995,3.0
-0.7722,-0.1875,0.012,-36.9568,8.2932,-16.0828,2024-02-12 15:42:34.011,3.0
-0.8171,-0.2693,0.074,-33.6075,23.6664,-24.3378,2024-02-12 15:42:34.027,3.0
-0.8977,-0.3135,0.1619,-25.032,28.5187,-29.747,2024-02-12 15:42:34.052,3.0
-0.9668,-0.3762,0.2866,-11.5051,23.5138,-32.4173,2024-02-12 15:42:34.071,3.0
-1.0684,-0.3828,0.2927,6.4011,20.2255,-26.7029,2024-02-12 15:42:34.095,3.0
-1.083,-0.3796,0.2146,14.3661,10.3683,-11.2839,2024-02-12 15:42:34.109,3.0
-0.9397,-0.3218,0.0879,17.0517,-0.679,-0.5493,2024-02-12 15:42:34.125,3.0
-0.8479,-0.2729,-0.032,16.0599,8.4229,-0.2136,2024-02-12 15:42:34.141,3.0
-0.9028,-0.1602,-0.0237,20.7825,28.595,-6.3858,2024-02-12 15:42:34.157,3.0
-1.0396,-0.1064,-0.0862,32.2113,28.9459,-7.8735,2024-02-12 15:42:34.181,3.0
-1.0923,-0.177,-0.2949,36.5906,7.1259,-3.3646,2024-02-12 15:42:34.197,3.0
-0.9485,-0.0732,-0.3481,26.8173,-42.1982,-0.1068,2024-02-12 15:42:34.221,3.0
-0.7561,0.0547,-0.2905,23.5291,-73.8068,3.1204,2024-02-12 15:42:34.229,3.0
-0.5286,0.1931,-0.2305,13.0157,-64.3311,5.4626,2024-02-12 15:42:34.253,3.0
-0.4541,0.2017,-0.1321,7.9422,-24.2996,1.6937,2024-02-12 15:42:34.269,3.0
-0.5801,0.1711,-0.0637,5.0125,19.5999,-1.9073,2024-02-12 15:42:34.286,3.0
-0.8184,0.1367,-0.1064,2.1057,44.075,1.8692,2024-02-12 15:42:34.311,3.0
-0.9966,0.075,-0.1011,-3.0212,39.0778,8.2092,2024-02-12 15:42:34.320,3.0
-1.0535,-0.033,-0.0305,-7.8659,8.5526,13.9236,2024-02-12 15:42:34.344,3.0
-0.9985,-0.0916,0.0256,-8.4763,-18.4402,17.9672,2024-02-12 15:42:34.361,3.0
-0.9009,-0.0574,0.0264,-6.813,-24.1699,22.2244,2024-02-12 15:42:34.377,3.0
-0.8459,0.0015,0.0425,-5.0583,-26.9775,22.9568,2024-02-12 15:42:34.394,3.0
-0.8154,0.0662,0.0212,-4.1962,-28.1677,25.1465,2024-02-12 15:42:34.410,3.0
-0.718,0.1113,-0.0159,-5.4016,-26.1841,27.6184,2024-02-12 15:42:34.435,3.0
-0.6506,0.113,0.0012,-6.5231,-14.5187,26.9775,2024-02-12 15:42:34.451,3.0
-0.667,0.0747,0.0332,-3.6774,5.4703,25.7797,2024-02-12 15:42:34.467,3.0
-0.7163,0.0364,0.0369,1.7395,19.7449,24.3378,2024-02-12 15:42:34.491,3.0
-0.7178,0.0344,0.0303,4.2038,22.3618,20.5231,2024-02-12 15:42:34.507,3.0
-0.7246,0.0276,0.0618,5.6992,21.8124,12.2223,2024-02-12 15:42:34.523,3.0
-0.7227,0.042,0.106,7.5302,17.807,4.5395,2024-02-12 15:42:34.547,3.0
-0.6929,0.0383,0.1614,8.3618,14.5187,-3.5706,2024-02-12 15:42:34.562,3.0
-0.7114,0.0142,0.2195,10.6201,17.3111,-16.6092,2024-02-12 15:42:34.578,3.0
-0.8289,0.0037,0.2498,11.3144,17.5171,-23.6588,2024-02-12 15:42:34.595,3.0
-0.949,0.0146,0.2461,9.7427,4.6234,-23.1705,2024-02-12 15:42:34.619,3.0
-0.9788,0.0396,0.1995,8.6823,-11.6348,-15.2359,2024-02-12 15:42:34.636,3.0
-0.9075,-0.0139,0.1211,6.1035,-22.789,-8.8425,2024-02-12 15:42:34.652,3.0
-0.8044,-0.0747,0.0837,3.9673,-14.6713,-10.3226,2024-02-12 15:42:34.669,3.0
-0.7893,-0.1658,0.1567,6.9733,10.7117,-18.3334,2024-02-12 15:42:34.686,3.0
-0.8647,-0.2554,0.2366,18.2037,30.7999,-26.4053,2024-02-12 15:42:34.703,3.0
-0.9541,-0.2095,0.2434,33.4167,33.9127,-26.9241,2024-02-12 15:42:34.727,3.0
-1.0146,-0.1008,0.1362,43.8461,31.2576,-18.364,2024-02-12 15:42:34.735,3.0
-1.1082,0.0515,-0.0068,47.5616,39.5432,-0.8621,2024-02-12 15:42:34.760,3.0
-1.2085,0.1667,-0.1184,45.4865,47.1115,11.9553,2024-02-12 15:42:34.777,3.0
-1.2664,0.252,-0.3601,41.0614,34.584,22.1329,2024-02-12 15:42:34.793,3.0
-1.2622,0.2659,-0.6396,22.3236,8.3389,33.0124,2024-02-12 15:42:34.817,3.0
-1.0618,0.1963,-0.6816,-1.1902,-30.7007,39.1312,2024-02-12 15:42:34.833,3.0
-0.668,0.0476,-0.51,-23.88,-78.8879,34.2026,2024-02-12 15:42:34.849,3.0
-0.3643,-0.1206,-0.095,-26.8326,-103.0502,22.6669,2024-02-12 15:42:34.873,3.0
-0.2471,-0.2148,0.1865,-8.1558,-83.4045,7.4844,2024-02-12 15:42:34.890,3.0
-0.3818,-0.092,0.0652,15.4266,-13.9236,-5.9891,2024-02-12 15:42:34.906,3.0
-0.6448,0.061,-0.2263,9.6817,54.0161,-14.2365,2024-02-12 15:42:34.922,3.0
-0.9329,0.146,-0.3362,-15.2664,80.4672,-27.5269,2024-02-12 15:42:34.938,3.0
-1.2634,0.2134,-0.2327,-42.3431,31.9138,-46.4401,2024-02-12 15:42:34.962,3.0
-1.2866,0.103,-0.196,-49.8276,-66.803,-43.6859,2024-02-12 15:42:34.979,3.0
-1.0615,0.0801,-0.2048,-61.8973,-113.3804,-31.9901,2024-02-12 15:42:34.998,3.0
-0.6523,0.072,-0.0881,-79.1321,-105.8731,-34.3857,2024-02-12 15:42:35.014,3.0
-0.5532,0.0535,0.0015,-90.3625,-68.9392,-43.3731,2024-02-12 15:42:35.038,3.0
-0.6084,0.0361,-0.001,-99.7009,-24.6658,-45.99,2024-02-12 15:42:35.046,3.0
-0.6885,-0.0317,0.0828,-106.7581,-4.1428,-47.7829,2024-02-12 15:42:35.071,3.0
-0.7329,-0.1094,0.0576,-107.4829,-4.4708,-49.0036,2024-02-12 15:42:35.088,3.0
-0.7134,-0.1689,0.0352,-106.5216,-6.9885,-42.6178,2024-02-12 15:42:35.104,3.0
-0.6597,-0.1641,0.0454,-103.1036,-1.9913,-32.2571,2024-02-12 15:42:35.128,3.0
-0.5701,-0.2102,0.0896,-100.8682,9.0942,-22.8882,2024-02-12 15:42:35.144,3.0
-0.614,-0.2378,0.2087,-96.4737,23.674,-13.7329,2024-02-12 15:42:35.161,3.0
-0.6926,-0.2322,0.3376,-84.7015,37.468,-4.4556,2024-02-12 15:42:35.178,3.0
-0.7629,-0.2046,0.3689,-73.2269,42.366,0.4425,2024-02-12 15:42:35.194,3.0
-0.7908,-0.3293,0.3413,-55.0995,39.0778,7.2708,2024-02-12 15:42:35.219,3.0
-0.7478,-0.3203,0.1477,-43.4723,42.511,-12.7258,2024-02-12 15:42:35.235,3.0
-0.9133,-0.252,0.1692,-30.8609,32.3486,-22.8882,2024-02-12 15:42:35.252,3.0
-0.9353,-0.2288,0.0427,-27.2369,10.9634,-34.0118,2024-02-12 15:42:35.276,3.0
-0.9856,-0.1758,-0.0022,-30.7465,-9.0332,-38.3377,2024-02-12 15:42:35.292,3.0
-0.9822,-0.0862,-0.093,-27.1225,-15.6021,-36.1404,2024-02-12 15:42:35.308,3.0
-1.0337,-0.2039,-0.2607,-20.8817,15.8844,-37.8036,2024-02-12 15:42:35.333,3.0
-1.4529,-0.0793,-0.3225,-24.9634,33.2413,-29.8462,2024-02-12 15:42:35.349,3.0
-1.5818,0.0054,-0.1072,-44.7235,-9.2163,5.1804,2024-02-12 15:42:35.365,3.0
-1.0305,0.0789,-0.2312,-51.3992,-76.8509,35.8276,2024-02-12 15:42:35.389,3.0
-0.5876,0.0522,-0.3518,-74.9664,-67.4744,30.8762,2024-02-12 15:42:35.413,3.0
-0.4893,-0.0679,-0.1299,-81.9626,-17.3264,17.601,2024-02-12 15:42:35.466,3.0
-0.5632,-0.1399,-0.0491,-73.1735,31.1737,11.2839,2024-02-12 15:42:35.474,3.0
-0.7197,-0.1462,-0.0686,-67.7795,56.9153,9.3765,2024-02-12 15:42:35.474,3.0
-0.8975,-0.1145,-0.0361,-67.3752,52.5894,10.4904,2024-02-12 15:42:35.474,3.0
-0.9895,-0.0928,-0.0269,-67.3676,25.5051,19.5007,2024-02-12 15:42:35.482,3.0
-0.897,-0.1064,0.0002,-68.9774,0.1678,27.0767,2024-02-12 15:42:35.506,3.0
-0.7791,-0.1375,0.0107,-64.4226,-3.6545,29.8233,2024-02-12 15:42:35.530,3.0
-0.7107,-0.1101,-0.0139,-58.2809,5.5237,27.8473,2024-02-12 15:42:35.546,3.0
-0.7429,-0.0701,0.0083,-53.1464,12.1155,24.1165,2024-02-12 15:42:35.562,3.0
-0.7751,-0.0273,0.0051,-48.8739,6.8512,23.7579,2024-02-12 15:42:35.578,3.0
-0.7739,-0.0247,-0.0093,-45.5856,-3.54,21.9803,2024-02-12 15:42:35.594,3.0
-0.7515,-0.0271,-0.0239,-41.6641,-9.285,20.5688,2024-02-12 15:42:35.618,3.0
-0.7109,0.001,-0.0347,-38.681,-12.1155,18.8522,2024-02-12 15:42:35.635,3.0
-0.6704,0.0347,0.0007,-37.0712,-15.1291,13.3591,2024-02-12 15:42:35.651,3.0
-0.6628,0.0608,0.0479,-36.6287,-15.7776,7.0953,2024-02-12 15:42:35.675,3.0
-0.668,0.0679,0.0674,-35.5835,-14.0686,1.77,2024-02-12 15:42:35.691,3.0
-0.6719,0.1094,0.0833,-36.9492,-7.7972,-2.8534,2024-02-12 15:42:35.708,3.0
-0.6758,0.1448,0.1335,-40.1764,-3.0594,-6.073,2024-02-12 15:42:35.724,3.0
-0.7239,0.1533,0.1853,-42.5644,0.6485,-10.17,2024-02-12 15:42:35.740,3.0
-0.7888,0.1218,0.1958,-43.6096,0.7858,-14.1068,2024-02-12 15:42:35.764,3.0
-0.8423,0.0894,0.1719,-43.9682,-7.8278,-15.4572,2024-02-12 15:42:35.780,3.0
-0.8774,0.0662,0.074,-41.1758,-15.2435,-10.5362,2024-02-12 15:42:35.805,3.0
-0.8633,-0.0068,-0.0005,-40.7867,-7.5531,-7.4539,2024-02-12 15:42:35.821,3.0
-0.865,-0.0852,0.1262,-37.2162,12.352,-9.7961,2024-02-12 15:42:35.840,3.0
-0.9963,-0.0686,0.23,-27.5269,34.3475,-10.6201,2024-02-12 15:42:35.856,3.0
-1.0706,-0.0405,0.2712,-15.1138,37.941,-6.1951,2024-02-12 15:42:35.872,3.0
-1.085,0.1174,0.1287,-3.0975,29.3655,-0.7782,2024-02-12 15:42:35.889,3.0
-1.1951,0.2383,0.0349,-6.0425,34.3094,3.8605,2024-02-12 15:42:35.913,3.0
-1.3232,0.2292,0.0725,-9.6359,32.28,15.7166,2024-02-12 15:42:35.929,3.0
-1.2087,0.2087,-0.0425,-10.2921,6.6452,26.7334,2024-02-12 15:42:35.949,3.0
-1.1096,0.1978,-0.2078,-14.6027,-6.7291,28.2211,2024-02-12 15:42:35.965,3.0
-1.0381,0.1252,-0.2478,-21.2784,-18.5165,29.9835,2024-02-12 15:42:35.981,3.0
-0.8533,0.0662,-0.3398,-24.9634,-38.8565,31.2347,2024-02-12 15:42:35.998,3.0
-0.6479,-0.072,-0.3848,-30.9982,-58.7082,25.7339,2024-02-12 15:42:36.022,3.0
-0.4763,-0.1855,-0.2517,-33.638,-60.7986,14.0457,2024-02-12 15:42:36.038,3.0
-0.4128,-0.2024,-0.0293,-23.4299,-33.7219,-1.5259,2024-02-12 15:42:36.063,3.0
-0.5295,-0.1514,0.0085,-8.4991,18.5165,-10.4828,2024-02-12 15:42:36.071,3.0
-0.7532,-0.1055,-0.1243,-4.7989,69.664,-20.1721,2024-02-12 15:42:36.095,3.0
-0.9839,-0.0244,-0.1804,-5.7449,84.8083,-28.0762,2024-02-12 15:42:36.103,3.0
-1.1787,0.0312,-0.1753,-17.662,46.3104,-39.3753,2024-02-12 15:42:36.136,3.0
-1.2053,0.0076,-0.0706,-21.2402,-24.5209,-45.4865,2024-02-12 15:42:36.146,3.0
-1.0132,-0.0415,-0.0286,-17.7307,-74.3637,-40.741,2024-02-12 15:42:36.170,3.0
-0.7261,-0.0474,-0.0012,-17.0975,-77.3621,-42.8162,2024-02-12 15:42:36.187,3.0
-0.6809,-0.0603,0.0706,-17.8299,-54.6951,-46.1426,2024-02-12 15:42:36.195,3.0
-0.6223,-0.0608,-0.0034,-23.0484,-25.8331,-45.0668,2024-02-12 15:42:36.220,3.0
-0.6992,-0.0662,0.0435,-28.0533,-11.6348,-43.19,2024-02-12 15:42:36.238,3.0
-0.7324,-0.0576,0.0791,-32.2571,-13.5269,-40.9317,2024-02-12 15:42:36.254,3.0
-0.7415,-0.0452,0.0793,-34.0958,-22.7661,-33.8974,2024-02-12 15:42:36.271,3.0
-0.6792,-0.0349,0.0618,-37.2009,-33.4244,-23.5977,2024-02-12 15:42:36.304,3.0
-0.5874,-0.0242,0.0232,-39.8865,-27.8625,-13.9999,2024-02-12 15:42:36.312,3.0
-0.5247,-0.0662,0.042,-45.3186,-3.6316,-4.9438,2024-02-12 15:42:36.329,3.0
-0.542,-0.1099,0.1274,-45.0592,19.4778,-1.5717,2024-02-12 15:42:36.345,3.0
-0.708,-0.1484,0.177,-40.1382,34.7137,4.097,2024-02-12 15:42:36.367,3.0
-0.8762,-0.1499,0.2336,-36.3541,31.4865,12.5275,2024-02-12 15:42:36.383,3.0
-0.9226,-0.2185,0.2571,-35.2478,12.413,12.8326,2024-02-12 15:42:36.400,3.0
-1.0315,-0.1399,0.2354,-35.0952,-14.9307,7.164,2024-02-12 15:42:36.416,3.0
-0.9895,0.0061,0.1072,-34.2636,-38.5284,2.9221,2024-02-12 15:42:36.440,3.0
-0.8464,0.0298,-0.0352,-35.2097,-44.4794,-7.0953,2024-02-12 15:42:36.461,3.0
-0.7732,0.0171,0.0786,-43.2434,-30.5099,-19.371,2024-02-12 15:42:36.479,3.0
-0.7976,-0.0129,0.2556,-47.821,-4.4022,-25.528,2024-02-12 15:42:36.487,3.0
-0.8987,0.0352,0.3386,-52.4216,14.9765,-23.2391,2024-02-12 15:42:36.503,3.0
-0.8994,0.0259,0.2881,-60.9131,5.188,-18.9133,2024-02-12 15:42:36.524,3.0
-0.7939,-0.1797,0.1338,-70.0912,-3.212,-15.8768,2024-02-12 15:42:36.548,3.0
-0.8269,-0.4038,0.0332,-77.9114,28.9383,-34.3552,2024-02-12 15:42:36.556,3.0
-1.2529,-0.2581,0.3086,-57.0526,49.9954,-49.6368,2024-02-12 15:42:36.588,3.0
-1.2664,-0.6248,-0.0183,-33.4167,37.7045,-38.8031,2024-02-12 15:42:36.604,3.0
-1.2222,-0.5574,-0.1448,-5.5542,20.7367,-51.1093,2024-02-12 15:42:36.646,3.0
-1.2273,-0.5979,-0.2874,9.2773,-11.3144,-49.0875,2024-02-12 15:42:36.648,3.0
-1.0251,-0.5247,-0.3005,12.0621,-40.1382,-36.2778,2024-02-12 15:42:36.656,3.0
-0.8474,-0.1621,-0.2708,-4.6768,-59.7,-10.6277,2024-02-12 15:42:36.680,3.0
-0.5916,-0.011,-0.116,-24.7345,-45.8298,21.2402,2024-02-12 15:42:36.721,3.0
-0.5894,0.0356,-0.0759,-25.5203,0.412,29.5105,2024-02-12 15:42:36.762,3.0
-0.7732,0.1624,-0.0693,-31.7535,41.2292,24.3149,2024-02-12 15:42:36.762,3.0
-1.0305,0.1201,-0.0154,-25.6577,60.1273,18.9972,2024-02-12 15:42:36.771,3.0
-1.1724,-0.0481,-0.144,-18.9514,42.5262,26.1765,2024-02-12 15:42:36.771,3.0
-1.0674,-0.1724,-0.1301,-20.2255,-1.4496,32.9819,2024-02-12 15:42:36.771,3.0
-0.8652,-0.3284,-0.0774,-18.3334,-37.3688,36.377,2024-02-12 15:42:36.787,3.0
-0.7273,-0.366,-0.0266,-9.2697,-31.4789,41.3742,2024-02-12 15:42:36.811,3.0
-0.6177,-0.2351,0.0024,0.5798,1.1444,46.2036,2024-02-12 15:42:36.833,3.0
-0.6589,-0.0957,0.0183,7.0877,18.7378,43.6249,2024-02-12 15:42:36.854,3.0
-0.7673,0.0225,-0.0083,11.4746,18.1808,40.8401,2024-02-12 15:42:36.870,3.0
-0.7651,0.0576,-0.0352,12.2528,3.8223,40.802,2024-02-12 15:42:36.886,3.0
-0.7021,0.0681,0.0225,12.3672,-10.1089,38.2385,2024-02-12 15:42:36.902,3.0
-0.6472,0.0527,0.0237,11.9781,-10.376,35.0647,2024-02-12 15:42:36.919,3.0
-0.5342,0.0693,0.074,10.6354,-3.0289,26.3443,2024-02-12 15:42:36.937,3.0
-0.4922,0.1016,0.0698,11.8866,7.103,16.2125,2024-02-12 15:42:36.963,3.0
-0.4978,0.1072,0.0833,9.0408,13.8321,6.0425,2024-02-12 15:42:36.979,3.0
-0.554,0.0876,0.1584,9.8724,21.1868,-4.4556,2024-02-12 15:42:36.995,3.0
-0.6389,0.071,0.186,9.7504,25.0168,-11.2381,2024-02-12 15:42:37.011,3.0
-0.8167,0.03,0.3062,8.3847,15.5563,-15.5106,2024-02-12 15:42:37.028,3.0
-0.9231,0.0139,0.2507,13.1836,-4.4098,-12.3367,2024-02-12 15:42:37.054,3.0
-0.8723,0.0117,0.0803,13.3972,-27.1378,-2.9068,2024-02-12 15:42:37.063,3.0
-0.7124,0.0398,-0.1252,3.4103,-31.0745,1.1292,2024-02-12 15:42:37.087,3.0
-0.7388,0.085,-0.0835,-7.4844,24.6964,-2.1057,2024-02-12 15:42:37.103,3.0
-0.9717,0.1199,0.1206,-8.606,80.0247,-2.9831,2024-02-12 15:42:37.127,3.0
-1.168,0.0977,0.2766,-0.3586,82.9926,1.8997,2024-02-12 15:42:37.135,3.0
-1.2615,-0.0837,0.3313,5.2948,38.8412,10.3378,2024-02-12 15:42:37.159,3.0
-1.1011,-0.0369,0.2671,22.3236,2.6016,13.5727,2024-02-12 15:42:37.176,3.0
-1.1584,0.0745,-0.1184,22.728,24.4598,10.3226,2024-02-12 15:42:37.192,3.0
-1.3179,0.3435,-0.218,10.1929,24.6277,24.0707,2024-02-12 15:42:37.224,3.0
-1.1882,0.4417,-0.5322,-4.2114,-6.4621,34.6298,2024-02-12 15:42:37.232,3.0
-1.0989,0.3936,-0.7058,-33.699,-23.613,42.9153,2024-02-12 15:42:37.249,3.0
-0.9556,0.0554,-0.4241,-51.6281,-46.4478,52.8946,2024-02-12 15:42:37.272,3.0
-0.6677,-0.3018,-0.1228,-48.5306,-76.973,48.5229,2024-02-12 15:42:37.281,3.0
-0.4102,-0.3962,0.1499,-25.1541,-85.0372,27.832,2024-02-12 15:42:37.305,3.0
-0.3447,-0.3181,0.0811,4.7455,-30.7465,-1.4114,2024-02-12 15:42:37.330,3.0
-0.5132,-0.2351,-0.0547,21.1639,47.0276,-20.6985,2024-02-12 15:42:37.338,3.0
-0.9458,-0.0713,-0.2349,26.413,97.6486,-25.7721,2024-02-12 15:42:37.354,3.0
-1.2336,0.0288,-0.3625,10.3378,89.2639,-27.6184,2024-02-12 15:42:37.378,3.0
-1.3113,-0.0237,-0.1697,-2.9526,-1.152,-39.6347,2024-02-12 15:42:37.394,3.0
-1.189,-0.0117,-0.1328,5.8899,-89.4241,-29.8843,2024-02-12 15:42:37.411,3.0
-0.7302,0.0828,-0.1816,0.3891,-107.399,-27.4506,2024-02-12 15:42:37.435,3.0
-0.3992,0.0859,-0.1165,-7.9727,-84.9915,-38.1699,2024-02-12 15:42:37.443,3.0
-0.3337,0.0522,-0.1074,-20.2408,-44.7388,-48.5001,2024-02-12 15:42:37.471,3.0
-0.4583,0.0164,0.0178,-30.5786,-6.5994,-54.8477,2024-02-12 15:42:37.479,3.0
-0.6428,-0.0586,0.0522,-39.6881,18.4479,-51.8799,2024-02-12 15:42:37.511,3.0
-0.7476,-0.104,0.1038,-40.9775,13.2675,-42.8925,2024-02-12 15:42:37.528,3.0
-0.7764,-0.1292,0.105,-38.7802,-8.4305,-28.6407,2024-02-12 15:42:37.536,3.0
-0.6672,-0.0964,0.0679,-37.6129,-19.0353,-12.3367,2024-02-12 15:42:37.552,3.0
-0.5325,-0.0715,0.0825,-37.5519,-5.7602,-1.1673,2024-02-12 15:42:37.571,3.0
-0.4902,-0.093,0.1895,-36.7203,23.1934,7.4615,2024-02-12 15:42:37.587,3.0
-0.5935,-0.1094,0.3252,-30.2048,44.1437,18.4555,2024-02-12 15:42:37.611,3.0
-0.752,-0.1931,0.3413,-16.9144,49.4308,28.5187,2024-02-12 15:42:37.628,3.0
-0.8911,-0.3242,0.2703,-2.037,41.4124,31.4636,2024-02-12 15:42:38.099,3.0
-1.0242,-0.3806,0.2329,8.7204,14.0152,19.9814,2024-02-12 15:42:38.107,3.0
-1.1018,-0.3201,-0.0298,18.1885,-14.3127,7.7515,2024-02-12 15:42:38.107,3.0
-1.0745,-0.0559,-0.0876,21.4996,-35.0037,6.7825,2024-02-12 15:42:38.107,3.0
-0.8384,0.0876,0.0239,23.7885,-36.7889,-5.7144,2024-02-12 15:42:38.107,3.0
-0.7749,0.0535,0.1514,15.3503,-21.1334,-24.6201,2024-02-12 15:42:38.107,3.0
-0.7847,0.0811,0.2593,6.3171,4.7226,-27.1225,2024-02-12 15:42:38.107,3.0
-0.8311,0.1738,0.2256,-3.7613,30.22,-23.5748,2024-02-12 15:42:38.107,3.0
-0.7847,-0.1086,-0.0879,-25.2838,48.3856,-27.9922,2024-02-12 15:42:38.123,3.0
-0.4683,0.1104,-0.0054,63.1332,-12.8403,29.9683,2024-02-12 15:42:38.140,3.0
-0.4155,0.1606,-0.043,52.9099,14.3127,13.7482,2024-02-12 15:42:38.173,3.0
-0.4609,0.1897,0.0127,43.0222,33.0124,2.1973,2024-02-12 15:42:38.181,3.0
-0.5583,0.189,0.1226,35.8887,39.9399,-6.7444,2024-02-12 15:42:38.193,3.0
-0.6814,0.137,0.2576,31.9214,36.8576,-14.1754,2024-02-12 15:42:38.218,3.0
-0.7898,0.0757,0.3398,28.0075,26.0162,-18.6539,2024-02-12 15:42:38.234,3.0
-0.8232,0.0098,0.2588,23.201,-1.6785,-20.1874,2024-02-12 15:42:38.250,3.0
-0.823,0.1782,0.1401,17.334,-32.4783,-10.5743,2024-02-12 15:42:38.267,3.0
-0.7156,0.3772,-0.073,9.6893,-45.4483,2.5406,2024-02-12 15:42:38.291,3.0
-0.6106,0.4204,-0.4687,-10.7269,-18.5547,10.4218,2024-02-12 15:42:38.308,3.0
-0.6521,0.2456,-0.2229,-36.3388,69.9005,7.6218,2024-02-12 15:42:38.324,3.0
-0.8699,0.0342,0.2505,-29.6402,104.0802,-2.6779,2024-02-12 15:42:38.348,3.0
-1.145,-0.0181,0.2739,-14.6179,77.4918,-5.127,2024-02-12 15:42:38.365,3.0
-1.1831,0.0137,0.1592,-18.9514,26.9165,-0.1144,2024-02-12 15:42:38.385,3.0
-1.0784,0.1794,0.2349,-22.0718,-1.4572,-0.2136,2024-02-12 15:42:38.393,3.0
-1.2866,0.0813,0.0544,-21.6522,48.6526,-4.5166,2024-02-12 15:42:38.425,3.0
-1.6426,0.2451,-0.0068,-22.2473,63.858,15.686,2024-02-12 15:42:38.441,3.0
-1.54,0.4585,-0.4543,-37.5366,19.6228,52.5284,2024-02-12 15:42:38.465,3.0
-1.1052,0.1484,-0.6584,-76.6068,-65.094,47.6379,2024-02-12 15:42:38.473,3.0
-0.9646,-0.1343,-0.2417,-74.7375,-106.4529,44.7845,2024-02-12 15:42:38.492,3.0
-0.6143,-0.3423,-0.0698,-51.384,-107.6736,36.7584,2024-02-12 15:42:38.508,3.0
-0.3843,-0.2935,-0.0115,-26.8097,-88.6765,19.0048,2024-02-12 15:42:38.524,3.0
-0.3379,-0.2903,-0.1145,-7.9117,-33.3481,2.4948,2024-02-12 15:42:38.549,3.0
-0.446,-0.29,-0.0151,4.2267,17.5171,-21.3547,2024-02-12 15:42:38.565,3.0
-0.9773,-0.2749,-0.0857,10.0784,68.718,-29.3198,2024-02-12 15:42:38.581,3.0
-1.1333,-0.1707,-0.0837,4.9515,82.1686,-22.9874,2024-02-12 15:42:38.598,3.0
-1.1116,-0.043,-0.0742,-0.7248,3.83,-30.0903,2024-02-12 15:42:38.623,3.0
-1.0789,0.043,-0.0869,-7.6904,-56.1142,-34.0958,2024-02-12 15:42:38.639,3.0
-0.8696,0.1174,-0.1113,-9.491,-68.6111,-32.4554,2024-02-12 15:42:38.655,3.0
-0.5515,0.1013,-0.0764,-15.8768,-52.5513,-43.6249,2024-02-12 15:42:38.679,3.0
-0.6335,-0.0217,0.1033,-21.9955,-15.9302,-56.633,2024-02-12 15:42:38.719,3.0
-0.6057,-0.0483,-0.009,-27.42,10.0403,-57.5943,2024-02-12 15:42:38.736,3.0
-0.7764,-0.0952,0.1116,-28.9307,19.2566,-56.1523,2024-02-12 15:42:38.736,3.0
-0.7842,-0.125,0.0696,-32.0969,7.3166,-54.5349,2024-02-12 15:42:38.744,3.0
-0.7717,-0.1484,0.064,-33.3481,-14.0228,-45.2042,2024-02-12 15:42:38.760,3.0
-0.6782,-0.1541,0.0874,-35.0037,-26.7029,-34.2407,2024-02-12 15:42:38.784,3.0
-0.55,-0.1436,0.1118,-35.4767,-21.5454,-22.5983,2024-02-12 15:42:38.792,3.0
-0.4868,-0.1638,0.1533,-34.6985,0.2594,-14.0381,2024-02-12 15:42:38.817,3.0
-0.5271,-0.1929,0.1882,-33.0429,22.7432,-6.4926,2024-02-12 15:42:38.833,3.0
-0.6782,-0.1545,0.2979,-27.7557,32.1808,6.7596,2024-02-12 15:42:39.360,3.0
-0.8235,-0.0742,0.3533,-20.3171,22.5601,24.292,2024-02-12 15:42:39.368,3.0
-0.8987,-0.0281,0.3098,-16.922,-1.6937,35.5377,2024-02-12 15:42:39.369,3.0
-0.9143,-0.0891,0.2468,-15.8768,-30.6473,36.972,2024-02-12 15:42:39.369,3.0
-0.8145,-0.1982,-0.0208,-10.6506,-40.7639,26.2451,2024-02-12 15:42:39.369,3.0
-0.6917,-0.1016,-0.1245,-13.2828,-19.6533,5.4626,2024-02-12 15:42:39.369,3.0
-0.7026,-0.0381,0.1189,-7.8278,15.419,-12.1231,2024-02-12 15:42:39.369,3.0
-0.6677,-0.1499,-0.0022,6.6299,8.9722,52.8183,2024-02-12 15:42:39.369,3.0
-0.7368,-0.0784,0.0442,11.2305,7.6141,51.8265,2024-02-12 15:42:39.566,3.0
-0.9263,-0.0286,0.2637,41.5649,24.2157,-24.6201,2024-02-12 15:42:39.574,3.0
-0.9868,0.0486,0.0752,38.9709,5.0583,-12.8098,2024-02-12 15:42:39.574,3.0
-0.918,0.1396,-0.157,24.4522,-0.6638,-4.2953,2024-02-12 15:42:39.574,3.0
-0.9177,0.0737,-0.1545,6.1417,29.9835,-5.9052,2024-02-12 15:42:39.574,3.0
-1.1357,0.0798,0.1655,5.7373,69.0689,0.2747,2024-02-12 15:42:39.574,3.0
-1.2134,0.0376,0.3779,17.4484,67.1844,8.0032,2024-02-12 15:42:39.590,3.0
-1.1572,-0.0654,0.3591,27.2827,37.8113,10.4904,2024-02-12 15:42:39.607,3.0
-1.0859,-0.0479,0.0916,42.0609,37.1628,16.571,2024-02-12 15:42:39.623,3.0
-1.3191,-0.0212,0.0723,41.5268,67.0013,16.2735,2024-02-12 15:42:39.639,3.0
-1.5676,0.4216,-0.2212,47.2565,63.9496,45.8679,2024-02-12 15:42:39.664,3.0
-1.3286,0.4517,-0.8508,19.5236,22.3694,62.2787,2024-02-12 15:42:39.680,3.0
-1.1824,0.0154,-0.5696,-17.4637,-58.1665,48.3475,2024-02-12 15:42:39.698,3.0
-0.9373,-0.2212,-0.1316,-9.4376,-122.4289,47.0123,2024-02-12 15:42:39.715,3.0
-0.5225,-0.3442,-0.0618,9.9106,-141.243,34.6222,2024-02-12 15:42:39.732,3.0
-0.1472,-0.2893,0.0562,28.9764,-101.4252,2.2354,2024-02-12 15:42:39.756,3.0
-0.186,-0.1438,0.0315,48.1567,-25.7111,-28.0991,2024-02-12 15:42:39.772,3.0
-0.4644,-0.0603,-0.1243,58.6014,58.609,-44.3497,2024-02-12 15:42:39.788,3.0
-0.9141,0.0076,-0.1484,56.6254,90.5838,-50.6516,2024-02-12 15:42:39.805,3.0
-1.3262,0.085,-0.2671,40.802,77.0798,-43.5867,2024-02-12 15:42:39.821,3.0
-1.3665,0.0181,-0.1672,20.4315,-4.6005,-36.4838,2024-02-12 15:42:39.838,3.0
-1.1223,-0.0212,-0.0789,25.8789,-100.1511,-28.8086,2024-02-12 15:42:39.863,3.0
-0.7063,0.0146,-0.1333,20.6375,-107.2769,-27.8091,2024-02-12 15:42:39.880,3.0
-0.4219,-0.0166,-0.1301,10.3989,-69.6869,-38.1775,2024-02-12 15:42:39.896,3.0
-0.3762,-0.0654,-0.1289,0.885,-28.1754,-46.4325,2024-02-12 15:42:39.912,3.0
-0.5303,-0.0579,-0.042,-11.0931,2.5101,-50.7355,2024-02-12 15:42:39.944,3.0
-0.7358,-0.0483,0.0664,-17.746,13.031,-49.1943,2024-02-12 15:42:39.952,3.0
-0.8943,-0.0725,0.0818,-20.2637,2.7924,-39.1846,2024-02-12 15:42:39.976,3.0
-0.8748,-0.1143,0.1042,-22.2092,-21.8964,-23.2697,2024-02-12 15:42:39.992,3.0
-0.6509,-0.1445,0.0913,-28.1601,-39.2303,-7.0724,2024-02-12 15:42:40.016,3.0
-0.5239,-0.1255,0.2021,-32.196,-28.4271,0.5112,2024-02-12 15:42:42.744,3.0
-0.5239,-0.0662,0.2402,-33.783,-5.8899,6.8665,2024-02-12 15:42:42.744,3.0
-0.634,-0.0066,0.24,-34.1339,12.7029,15.686,2024-02-12 15:42:42.752,3.0
-0.7764,0.0085,0.2515,-31.868,17.0898,25.9171,2024-02-12 15:42:42.752,3.0
-0.8555,-0.0537,0.1978,-29.8691,0.7935,33.9966,2024-02-12 15:42:42.752,3.0
-0.8452,-0.176,0.1636,-31.2958,-20.6146,29.7318,2024-02-12 15:42:42.752,3.0
-0.8228,-0.2065,0.1299,-29.892,-22.0718,14.1373,2024-02-12 15:42:42.752,3.0
-0.772,-0.1086,0.134,-27.42,-7.1259,1.6251,2024-02-12 15:42:42.752,3.0
-0.7949,-0.4536,0.1594,-62.0956,45.4559,-41.5421,2024-02-12 15:42:42.950,3.0
-0.844,-0.2336,0.1233,7.5684,-48.8052,32.3257,2024-02-12 15:42:42.950,3.0
-0.8232,-0.3472,0.1611,25.856,-21.019,37.0636,2024-02-12 15:42:42.950,3.0
-0.7402,-0.3167,0.0818,41.4352,2.7618,43.1366,2024-02-12 15:42:42.950,3.0
-0.7427,-0.1792,0.0642,52.4139,5.8136,44.7693,2024-02-12 15:42:42.950,3.0
-0.7498,-0.0986,0.0789,57.0679,-2.5558,42.3431,2024-02-12 15:42:42.950,3.0
-0.793,-0.0527,0.1101,63.5452,-10.849,39.3524,2024-02-12 15:42:42.959,3.0
-0.6985,-0.0427,0.0681,67.5735,-19.0201,35.6216,2024-02-12 15:42:42.983,3.0
-0.5732,-0.0225,0.0645,68.924,-16.0904,29.953,2024-02-12 15:42:42.999,3.0
-0.4639,0.0342,0.0696,69.2444,-2.9984,20.607,2024-02-12 15:42:43.042,3.0
-0.4141,0.1194,0.1025,65.239,18.5928,9.0179,2024-02-12 15:42:43.042,3.0
-0.3792,0.1685,0.1287,60.6766,34.3628,-1.9302,2024-02-12 15:42:43.059,3.0
-0.4746,0.2004,0.2673,56.0226,43.335,-15.5029,2024-02-12 15:42:43.075,3.0
-0.6641,0.1882,0.3064,52.4521,45.3491,-22.6746,2024-02-12 15:42:43.091,3.0
-0.8591,0.1733,0.3115,49.7055,41.2598,-21.6904,2024-02-12 15:42:43.108,3.0
-0.9822,0.0862,0.2187,44.3726,10.7574,-10.437,2024-02-12 15:42:43.133,3.0
-0.7866,0.0457,0.1311,33.3405,-39.2838,-2.1133,2024-02-12 15:42:43.151,3.0
-0.7012,0.0813,-0.106,21.4767,-20.8588,-4.2725,2024-02-12 15:42:43.167,3.0
-0.8267,0.176,0.0989,15.4114,85.762,-6.218,2024-02-12 15:42:43.191,3.0
-1.0491,0.1841,0.3394,20.5307,112.3428,-7.4997,2024-02-12 15:42:43.208,3.0
-1.1978,0.1807,0.3469,28.8315,80.5283,-1.0605,2024-02-12 15:42:43.224,3.0
-1.2063,0.2581,0.0046,25.0626,53.6804,7.4158,2024-02-12 15:42:43.240,3.0
-1.3689,0.0129,0.0503,4.6844,59.5322,7.9727,2024-02-12 15:42:43.267,3.0
-1.479,0.1414,0.0535,6.5002,31.662,24.4598,2024-02-12 15:42:43.275,3.0
-1.1929,0.3809,-0.4412,-13.5651,-17.4255,42.1371,2024-02-12 15:42:43.300,3.0
-1.0996,0.2019,-0.2656,-35.1868,-44.8685,50.9567,2024-02-12 15:42:43.324,3.0
-0.863,0.0017,-0.1726,-29.5181,-54.4205,58.9294,2024-02-12 15:42:43.332,3.0
-0.6345,-0.1272,-0.1736,-18.7836,-55.3665,49.8886,2024-02-12 15:42:43.349,3.0
-0.4812,-0.3008,-0.0649,-14.061,-54.7562,29.9759,2024-02-12 15:42:43.374,3.0
-0.551,-0.4534,0.1365,4.1275,-21.3776,3.624,2024-02-12 15:42:43.390,3.0
-0.8376,-0.4304,0.1284,26.7563,40.1917,-10.4294,2024-02-12 15:42:43.407,3.0
-1.1138,-0.2432,-0.0027,34.8434,87.9288,-13.0463,2024-02-12 15:42:43.423,3.0
-1.1853,-0.0986,-0.1311,24.6735,46.6385,-21.6675,2024-02-12 15:42:43.440,3.0
-1.2188,0.0725,-0.1479,5.3101,-54.3213,-27.3361,2024-02-12 15:42:43.457,3.0
-0.9714,0.1187,-0.1436,-6.9046,-116.6992,-18.0893,2024-02-12 15:42:43.482,3.0
-0.5596,0.1733,-0.1289,-19.104,-107.4905,-19.0964,2024-02-12 15:42:43.499,3.0
-0.2888,0.1174,-0.0532,-32.7072,-61.5158,-34.8892,2024-02-12 15:42:43.515,3.0
-0.3115,0.0144,0.0205,-41.3361,-14.5035,-49.2096,2024-02-12 15:42:43.531,3.0
-0.6484,-0.0696,0.1892,-46.8292,21.9421,-50.5829,2024-02-12 15:42:43.558,3.0
-0.8206,-0.1074,0.1807,-49.5224,24.3988,-43.1061,2024-02-12 15:42:43.568,3.0
-0.8567,-0.1729,0.1648,-53.3981,3.8147,-35.9879,2024-02-12 15:42:43.592,3.0
-0.8071,-0.1877,0.2148,-51.651,-15.8157,-23.2468,2024-02-12 15:42:43.633,3.0
-0.6755,-0.1006,0.2368,-47.2336,-19.6152,-9.5825,2024-02-12 15:42:43.641,3.0
-0.554,-0.074,0.2175,-46.524,-12.2681,-0.5875,2024-02-12 15:42:43.641,3.0
-0.5134,-0.0618,0.2524,-46.9513,2.1896,7.1716,2024-02-12 15:42:43.665,3.0
-0.5745,-0.0376,0.3689,-43.457,27.1378,15.5029,2024-02-12 15:42:43.682,3.0
-0.7219,-0.0398,0.3877,-35.0113,39.8636,24.3607,2024-02-12 15:42:43.698,3.0
-0.8572,-0.1125,0.2732,-29.6783,33.0505,29.4342,2024-02-12 15:42:43.757,3.0
-0.9487,-0.1355,0.1682,-32.4097,11.6272,24.6048,2024-02-12 15:42:43.757,3.0
-0.991,-0.0496,0.1392,-33.2031,-13.3057,18.1274,2024-02-12 15:42:43.757,3.0
-0.9028,0.0217,0.0803,-32.3639,-18.6462,5.4398,2024-02-12 15:42:43.774,3.0
-0.7837,0.0154,0.0767,-38.6734,-7.9422,-18.4708,2024-02-12 15:42:43.782,3.0
-0.7834,-0.1772,0.2273,-47.8058,9.4528,-38.6276,2024-02-12 15:42:43.806,3.0
-0.8237,-0.1331,0.3735,-46.7682,33.6685,-43.2587,2024-02-12 15:42:43.818,3.0
-0.9563,-0.1531,0.3948,-42.8848,49.4919,-38.6734,2024-02-12 15:42:43.842,3.0
-0.96,-0.4333,0.2603,-48.2559,69.8166,-46.6843,2024-02-12 15:42:43.858,3.0
-1.2813,-0.3284,0.366,-33.0276,77.6672,-73.6847,2024-02-12 15:42:44.192,3.0
-1.5918,-0.4915,0.1626,-20.5383,35.2402,-71.0373,2024-02-12 15:42:44.192,3.0
-1.5208,-0.5786,0.1077,5.6915,-10.0098,-42.0837,2024-02-12 15:42:44.192,3.0
-1.1438,-0.436,-0.0076,27.7176,-50.9644,-35.7513,2024-02-12 15:42:44.192,3.0
-1.0178,-0.2212,-0.0989,26.3214,-66.9479,-25.3983,2024-02-12 15:42:44.192,3.0
-0.7749,-0.1946,-0.1492,15.0146,-67.3599,-14.6637,2024-02-12 15:42:44.192,3.0
-0.6448,-0.1846,-0.2205,9.5673,-73.0743,0.946,2024-02-12 15:42:44.200,3.0
-0.4324,-0.1531,-0.3477,3.5324,-62.1109,8.8654,2024-02-12 15:42:44.200,3.0
-0.6306,0.0034,0.0901,46.669,-11.5891,33.638,2024-02-12 15:42:44.216,3.0
-0.5291,0.0405,0.0937,45.8908,-8.5144,24.3988,2024-02-12 15:42:44.240,3.0
-0.4348,0.0701,0.1133,44.3344,3.7003,14.3204,2024-02-12 15:42:44.256,3.0
-0.4321,0.1216,0.1326,41.0614,23.0637,3.3493,2024-02-12 15:42:44.272,3.0
-0.5042,0.1663,0.1868,35.4385,38.5895,-6.4011,2024-02-12 15:42:44.289,3.0
-0.636,0.157,0.3215,29.4724,41.748,-13.9999,2024-02-12 15:42:44.313,3.0
-0.7795,0.0896,0.3506,26.3519,31.8146,-18.9362,2024-02-12 15:42:44.329,3.0
-1.0056,0.0378,0.3452,18.2571,8.873,-17.5323,2024-02-12 15:42:44.346,3.0
-0.9453,0.104,0.1694,9.613,-28.0762,-7.4844,2024-02-12 15:42:44.372,3.0
-0.8521,0.2253,-0.0522,-7.9727,-42.717,-0.3891,2024-02-12 15:42:44.381,3.0
-0.8367,0.2083,-0.0786,-24.971,8.8272,5.5847,2024-02-12 15:42:44.405,3.0
-0.9114,0.1553,0.2229,-25.795,55.1605,6.3019,2024-02-12 15:42:44.421,3.0
-1.0325,0.0935,0.3391,-11.8103,68.161,6.4774,2024-02-12 15:42:44.429,3.0
-1.0554,-0.1128,0.3516,-1.8463,49.057,6.2714,2024-02-12 15:42:44.461,3.0
-1.0022,-0.1113,0.3809,23.7808,17.8528,7.2403,2024-02-12 15:42:44.477,3.0
-1.1543,-0.0571,0.022,37.4527,42.3203,9.5596,2024-02-12 15:42:44.493,3.0
-1.4055,0.26,-0.1072,32.5928,57.3044,19.9661,2024-02-12 15:42:44.510,3.0
-1.2634,0.3899,-0.4922,11.0474,-10.1624,40.2222,2024-02-12 15:42:44.526,3.0
-1.1123,0.2974,-0.5076,-11.5662,-46.1273,51.8188,2024-02-12 15:42:44.543,3.0
-0.8428,0.0151,-0.2688,-19.2642,-52.9022,55.1071,2024-02-12 15:42:44.571,3.0
-0.6086,-0.1985,-0.0566,-13.7634,-58.3496,45.5322,2024-02-12 15:42:44.588,3.0
-0.5544,-0.2876,0.1108,1.2589,-37.2009,32.7606,2024-02-12 15:42:44.596,3.0
-0.5823,-0.2659,0.1306,16.9983,19.8975,8.8882,2024-02-12 15:42:44.612,3.0
-0.7808,-0.1694,0.0256,22.9721,59.6619,-19.1269,2024-02-12 15:42:44.636,3.0
-1.209,-0.0142,-0.1575,21.4157,73.3261,-33.1573,2024-02-12 15:42:44.652,3.0
-1.3545,0.0181,-0.1826,0.6104,18.6005,-36.4761,2024-02-12 15:42:44.671,3.0
-1.1865,-0.0366,-0.0259,2.3651,-85.0296,-33.226,2024-02-12 15:42:44.702,3.0
-0.9158,0.0156,-0.021,4.4861,-118.5837,-25.7492,2024-02-12 15:42:44.710,3.0
-0.5022,0.0342,-0.0166,-0.5646,-96.1914,-27.4811,2024-02-12 15:42:44.727,3.0
-0.3008,-0.0002,0.0244,-5.9433,-44.548,-39.9551,2024-02-12 15:42:44.735,3.0
-0.3926,-0.0378,0.0291,-12.0773,-1.1673,-49.4385,2024-02-12 15:42:44.767,3.0
-0.6135,-0.0605,0.0063,-20.3705,10.5057,-50.9949,2024-02-12 15:42:44.775,3.0
-0.7996,-0.083,0.0298,-27.0004,-4.0207,-45.578,2024-02-12 15:42:44.791,3.0
-0.8364,-0.124,0.0762,-33.8974,-35.3088,-34.1187,2024-02-12 15:42:44.815,3.0
-0.7681,-0.1206,0.147,-35.0266,-55.1758,-19.1574,2024-02-12 15:42:44.837,3.0
-0.6296,-0.0845,0.167,-34.6756,-51.7426,-6.9809,2024-02-12 15:42:44.845,3.0
-0.5071,-0.0552,0.2195,-35.9039,-30.7541,1.8921,2024-02-12 15:42:44.862,3.0
-0.5144,-0.0601,0.3862,-33.1268,-0.0992,11.8408,2024-02-12 15:42:44.886,3.0
-0.6189,-0.0701,0.4216,-22.4838,18.8675,23.14,2024-02-12 15:42:44.946,3.0
-0.7273,-0.1604,0.3242,-13.6719,18.4784,31.5781,2024-02-12 15:42:44.946,3.0
-0.8369,-0.189,0.291,-6.0806,3.6774,30.2887,2024-02-12 15:42:44.946,3.0
-0.8489,-0.2585,0.1106,-10.6354,0.7477,16.5787,2024-02-12 15:42:44.962,3.0
-0.8523,-0.093,0.1951,-8.2779,9.2926,0.412,2024-02-12 15:42:44.970,3.0
-0.8149,-0.0232,0.2412,-4.1351,17.1509,-20.8969,2024-02-12 15:42:44.994,3.0
-0.8552,-0.2021,0.3452,-9.8801,18.2114,-37.9333,2024-02-12 15:42:45.015,3.0
-0.8828,-0.1587,0.4116,-2.8,36.2778,-37.4527,2024-02-12 15:42:45.071,3.0
-0.894,-0.0603,0.2712,-7.2403,48.7442,-36.377,2024-02-12 15:42:45.088,3.0
-0.9102,-0.3059,0.1917,-28.3737,58.5937,-57.312,2024-02-12 15:42:45.088,3.0
-1.2732,-0.293,0.4138,-25.9094,58.2962,-83.8165,2024-02-12 15:42:45.088,3.0
-1.6387,-0.3076,0.4358,-12.7335,23.6435,-76.683,2024-02-12 15:42:45.096,3.0
-1.4766,-0.4329,0.373,34.729,-41.008,-39.3066,2024-02-12 15:42:45.121,3.0
-1.1028,-0.5691,0.0374,56.8237,-73.2498,-17.9596,2024-02-12 15:42:45.137,3.0
-0.6946,-0.4165,-0.1702,49.6979,-70.0989,-7.0343,2024-02-12 15:42:45.161,3.0
-0.4739,-0.2839,-0.3418,42.9077,-39.0091,2.6245,2024-02-12 15:42:45.177,3.0
-0.4048,-0.0974,-0.385,26.6418,8.0261,0.5569,2024-02-12 15:42:45.218,3.0
-0.6052,0.0825,-0.1587,14.801,43.4265,-12.1841,2024-02-12 15:42:45.218,3.0
-1.0295,0.1021,0.1025,18.3411,61.6074,-17.0975,2024-02-12 15:42:45.226,3.0
-1.4478,0.0098,0.064,35.6827,53.6423,-0.3662,2024-02-12 15:42:45.720,3.0
-1.4331,-0.0947,-0.1018,38.0783,8.5068,28.4882,2024-02-12 15:42:47.149,3.0
-1.1018,-0.1697,-0.0796,30.0598,-41.2598,38.1393,2024-02-12 15:42:47.149,3.0
-0.8687,-0.2505,0.0703,29.4876,-65.979,36.0947,2024-02-12 15:42:47.149,3.0
-0.7986,-0.3052,0.1414,36.8652,-45.1431,37.0712,2024-02-12 15:42:47.149,3.0
-0.7371,-0.2856,0.1511,46.3638,-16.2582,38.0402,2024-02-12 15:42:47.149,3.0
-0.7419,-0.1924,0.1482,55.7709,-9.7809,39.1617,2024-02-12 15:42:47.149,3.0
-0.7444,-0.0901,0.1077,60.1578,-16.5482,37.7808,2024-02-12 15:42:47.149,3.0
-1.0696,-0.0806,0.5381,3.5095,78.5599,-12.9242,2024-02-12 15:42:47.149,3.0
-0.5979,-0.291,0.1252,-4.9973,18.9896,-26.207,2024-02-12 15:42:47.181,3.0
-0.4919,0.0159,0.0073,-15.5487,-11.9553,-50.3693,2024-02-12 15:42:47.181,3.0
-0.6543,-0.0637,0.1423,-21.698,10.6888,-48.9044,2024-02-12 15:42:47.205,3.0
-0.7729,-0.1414,0.1614,-20.2179,6.424,-41.3666,2024-02-12 15:42:47.221,3.0
-0.7429,-0.1506,0.1201,-17.2119,-9.2468,-26.207,2024-02-12 15:42:47.238,3.0
-0.5833,-0.1216,0.0981,-16.1438,-16.0446,-10.0861,2024-02-12 15:42:47.254,3.0
-0.4624,-0.0808,0.1873,-16.983,0.3967,2.0905,2024-02-12 15:42:47.278,3.0
-0.4536,-0.0347,0.2959,-16.2125,27.6337,12.4969,2024-02-12 15:42:47.294,3.0
-0.6187,0.0002,0.3,-12.7792,53.7567,25.444,2024-02-12 15:42:47.362,3.0
-0.7512,-0.0261,0.2671,-7.2861,57.3654,33.783,2024-02-12 15:42:47.387,3.0
-0.8076,-0.1721,0.1995,-7.8583,41.0843,31.7001,2024-02-12 15:42:47.387,3.0
-0.8567,-0.2661,0.0588,-12.3901,22.8424,11.8484,2024-02-12 15:42:47.683,3.0
-1.0425,-0.084,0.0203,-11.6653,16.6626,-8.812,2024-02-12 15:42:49.298,3.0
-1.0105,0.0701,0.0374,-7.7362,14.4119,-16.6779,2024-02-12 15:42:49.298,3.0
-1.0234,0.0491,0.1277,-30.4489,5.7449,-31.1203,2024-02-12 15:42:49.298,3.0
-1.0471,0.0078,0.3047,-41.3132,8.0185,-29.9225,2024-02-12 15:42:49.298,3.0
-0.9946,0.1272,0.3379,-43.8843,11.4517,-18.9362,2024-02-12 15:42:49.298,3.0
-0.8508,0.0229,0.219,-54.9088,15.1901,-14.2899,2024-02-12 15:42:49.298,3.0
-0.7788,-0.3926,0.1201,-75.2869,41.0843,-40.8401,2024-02-12 15:42:49.306,3.0
-1.2625,-0.3301,0.3047,-65.8264,59.5551,-66.7191,2024-02-12 15:42:49.306,3.0
-0.6331,-0.2947,-0.0801,31.929,-75.1801,63.0569,2024-02-12 15:42:49.557,3.0
-0.3083,0.3174,-0.4106,-36.293,-19.7906,-33.5846,2024-02-12 15:42:49.557,3.0
-0.3674,0.2947,-0.1243,-54.7791,36.9797,-50.6897,2024-02-12 15:42:49.565,3.0
-0.667,-0.0051,0.0217,-61.142,74.2722,-52.5131,2024-02-12 15:42:49.573,3.0
-0.8789,-0.2646,0.073,-54.6341,66.6122,-44.7998,2024-02-12 15:42:49.589,3.0
-1.0815,-0.3167,0.1248,-46.8292,23.3994,-31.0516,2024-02-12 15:42:49.613,3.0
-1.0339,-0.2808,0.1829,-36.3846,-33.8364,-13.4964,2024-02-12 15:42:49.629,3.0
-0.7761,-0.228,0.1902,-28.4042,-68.1229,-7.9575,2024-02-12 15:42:49.653,3.0
-0.551,-0.1482,0.2236,-23.7274,-56.9229,-9.6817,2024-02-12 15:42:49.669,3.0
-0.4905,-0.1038,0.2119,-19.8898,-23.8495,-11.9553,2024-02-12 15:42:49.686,3.0
-0.4976,-0.0776,0.1533,-17.7231,4.0436,-10.3226,2024-02-12 15:42:49.702,3.0
-0.5803,-0.0408,0.1887,-17.2958,20.1645,-6.4545,2024-02-12 15:42:49.738,3.0
-0.6465,-0.0383,0.2183,-16.6168,31.9366,0.3281,2024-02-12 15:42:49.738,3.0
-0.76,-0.0164,0.2693,-20.6146,43.6783,2.9831,2024-02-12 15:42:49.754,3.0
-0.9558,0.0164,0.2593,-28.1906,41.7557,5.6686,2024-02-12 15:42:49.778,3.0
-0.9875,0.0166,0.1108,-35.675,19.1879,4.7989,2024-02-12 15:42:49.802,3.0
-0.9492,-0.0027,-0.0178,-44.3649,-0.145,-7.6218,2024-02-12 15:42:49.809,3.0
-0.896,-0.0842,0.0991,-49.3317,-7.7515,-26.3519,2024-02-12 15:42:49.833,3.0
-0.9702,-0.2429,0.3677,-47.1039,4.509,-33.4702,2024-02-12 15:42:49.857,3.0
-0.9641,-0.3171,0.4536,-38.1622,22.0337,-34.0576,2024-02-12 15:42:49.865,3.0
-0.8438,-0.5176,0.2205,-30.8838,36.8729,-31.3873,2024-02-12 15:42:49.889,3.0
-1.0549,-0.3945,0.239,-19.989,61.4319,-60.0357,2024-02-12 15:42:49.909,3.0
-1.3386,-0.5896,-0.0261,-4.1122,42.8619,-85.2127,2024-02-12 15:42:49.934,3.0
-1.3845,-0.801,-0.002,25.2991,1.297,-89.592,2024-02-12 15:42:49.950,3.0
-1.406,-0.594,-0.1221,67.2531,-50.0031,-65.5594,2024-02-12 15:42:49.958,3.0
-1.0012,-0.1648,-0.4746,62.8967,-98.1216,-38.3759,2024-02-12 15:42:49.982,3.0
-0.6255,0.0703,-0.4829,32.1426,-110.0311,-17.6773,2024-02-12 15:42:49.998,3.0
-0.3008,0.0674,-0.405,7.1182,-72.6471,-2.5558,2024-02-12 15:42:50.014,3.0
-0.5127,0.0867,-0.2161,-4.7684,3.1128,-10.1089,2024-02-12 15:42:50.039,3.0
-1.0063,0.1272,-0.0354,-4.2343,61.058,-17.5934,2024-02-12 15:42:50.055,3.0
-1.5022,-0.0056,-0.1101,7.1487,71.5866,-5.5542,2024-02-12 15:42:50.071,3.0
-1.6121,-0.1323,-0.2017,7.5531,16.304,25.2838,2024-02-12 15:42:50.087,3.0
-1.2417,-0.2092,-0.0676,4.3106,-64.7202,48.3398,2024-02-12 15:42:50.103,3.0
-0.7908,-0.3164,0.0181,13.1607,-93.605,57.1594,2024-02-12 15:42:50.136,3.0
-0.5,-0.3281,0.0051,20.8664,-60.5545,59.5779,2024-02-12 15:42:50.147,3.0
-0.3828,-0.2439,-0.0142,27.8015,-7.2708,54.3365,2024-02-12 15:42:50.163,3.0
-0.5527,-0.0786,0.0681,29.8767,35.1868,47.7676,2024-02-12 15:42:50.187,3.0
-0.7461,-0.0444,0.1345,33.2489,39.566,46.4249,2024-02-12 15:42:50.203,3.0
-0.8091,-0.0901,0.156,36.972,15.3275,45.6467,2024-02-12 15:42:50.220,3.0
-0.7319,-0.0806,0.1189,40.0543,-11.5585,44.8685,2024-02-12 15:42:50.236,3.0
-0.4973,0.0154,0.1013,36.9568,-31.3873,34.2407,2024-02-12 15:42:50.263,3.0
-0.3589,0.093,0.155,33.6227,-26.0391,17.7917,2024-02-12 15:42:50.271,3.0
-0.2996,0.1167,0.1741,30.3345,3.54,1.3885,2024-02-12 15:42:50.287,3.0
-0.373,0.1514,0.238,30.3421,36.3159,-11.5433,2024-02-12 15:42:50.312,3.0
-0.5374,0.1343,0.2229,27.8854,51.59,-19.6915,2024-02-12 15:42:50.336,3.0
-0.7163,0.0662,0.2019,24.0479,51.3763,-23.8037,2024-02-12 15:42:50.344,3.0
-0.9507,-0.0027,0.2151,23.6206,38.8718,-18.0054,2024-02-12 15:42:50.360,3.0
-0.989,-0.0845,0.1414,24.0402,16.4185,-5.1651,2024-02-12 15:42:50.384,3.0
-0.9167,-0.113,0.0564,20.5536,-4.776,1.0834,2024-02-12 15:42:50.401,3.0
-0.9507,-0.0259,0.0359,16.3193,15.3351,8.9035,2024-02-12 15:42:50.426,3.0
-0.937,0.0586,0.1614,16.7694,60.6308,13.3667,2024-02-12 15:42:50.434,3.0
-1.0586,0.1094,0.2979,20.05,68.8858,9.2163,2024-02-12 15:42:50.450,3.0
-1.1851,0.0923,0.355,26.2909,61.7218,7.7209,2024-02-12 15:42:50.471,3.0
-1.1987,0.144,0.2568,32.0435,43.3731,16.6473,2024-02-12 15:42:50.487,3.0
-1.1636,0.103,-0.1062,25.7111,49.0112,26.5808,2024-02-12 15:42:50.511,3.0
-1.2896,0.0979,-0.0393,8.0872,47.8134,27.092,2024-02-12 15:42:50.528,3.0
-1.1843,0.2742,-0.3115,0.2365,23.5748,39.1769,2024-02-12 15:42:50.545,3.0
-1.094,0.2637,-0.4592,-22.0871,10.3836,40.4892,2024-02-12 15:42:50.578,3.0
-1.0295,0.1084,-0.3826,-30.5481,-7.9041,45.4483,2024-02-12 15:42:50.578,3.0
-0.9114,-0.0081,-0.4434,-31.3187,-34.8816,47.9965,2024-02-12 15:42:50.595,3.0
-0.657,-0.2402,-0.3503,-34.8206,-67.7719,39.4058,2024-02-12 15:42:50.611,3.0
-0.4065,-0.2788,-0.03,-24.4217,-77.858,15.8157,2024-02-12 15:42:50.636,3.0
-0.4202,-0.2798,0.1545,-3.891,-34.9731,-8.5526,2024-02-12 15:42:50.652,3.0
-0.5828,-0.3403,0.1003,17.7307,20.2484,-29.1367,2024-02-12 15:42:50.668,3.0
-0.9827,-0.2212,-0.0635,21.8811,51.6663,-35.8353,2024-02-12 15:42:50.686,3.0
-1.1499,-0.1216,-0.1887,11.5128,37.2162,-29.8386,2024-02-12 15:42:50.702,3.0
-1.1377,0.0049,-0.0669,4.0512,-32.8217,-31.6772,2024-02-12 15:42:50.729,3.0
-0.9417,0.0654,-0.0747,2.388,-73.2498,-30.5328,2024-02-12 15:42:50.746,3.0
-0.675,0.0986,-0.1028,-1.9531,-77.0264,-32.0282,2024-02-12 15:42:50.762,3.0
-0.4106,0.0447,-0.1726,-9.3384,-58.075,-40.0238,2024-02-12 15:42:50.794,3.0
-0.4705,-0.0588,-0.0525,-17.4637,-26.7868,-41.2674,2024-02-12 15:42:50.794,3.0
-0.5527,-0.1055,0.0259,-23.0713,1.0605,-44.426,2024-02-12 15:42:50.811,3.0
-0.7322,-0.1279,0.0774,-27.8549,14.2975,-43.2663,2024-02-12 15:42:50.835,3.0
-0.8513,-0.1172,0.1133,-31.2653,3.3569,-36.2167,2024-02-12 15:42:50.852,3.0
-0.8289,-0.1067,0.0747,-32.7148,-18.6081,-23.9029,2024-02-12 15:42:50.876,3.0
-0.689,-0.1021,0.0725,-36.0565,-33.783,-13.2751,2024-02-12 15:42:50.892,3.0
-0.5125,-0.0842,0.1357,-39.8407,-30.2353,-5.5847,2024-02-12 15:42:51.447,3.0
-0.4553,-0.0803,0.1877,-41.7786,-9.0637,-1.503,2024-02-12 15:42:51.447,3.0
-0.5317,-0.0911,0.2395,-40.8096,20.8435,3.5706,2024-02-12 15:42:51.447,3.0
-0.7085,-0.0977,0.2881,-35.3622,42.0609,13.4201,2024-02-12 15:42:51.447,3.0
-0.8445,-0.106,0.3145,-30.2429,40.2985,22.1481,2024-02-12 15:42:51.455,3.0
-0.9421,-0.1055,0.3303,-26.8402,22.5372,24.4446,2024-02-12 15:42:51.455,3.0
-0.97,-0.1836,0.2617,-27.6871,-0.5341,19.5465,2024-02-12 15:42:51.455,3.0
-0.9272,-0.1499,0.1011,-26.268,-8.4991,10.2158,2024-02-12 15:42:51.455,3.0
-0.835,-0.0474,0.0352,-27.5574,-9.0714,0.3738,2024-02-12 15:42:51.653,3.0
-0.9514,-0.0007,0.2476,16.3422,29.2664,-17.1051,2024-02-12 15:42:51.653,3.0
-0.9932,-0.0166,0.1943,17.8833,7.8201,-4.097,2024-02-12 15:42:51.653,3.0
-0.8713,-0.0762,0.1047,14.2975,-15.3198,4.5853,2024-02-12 15:42:51.653,3.0
-0.7903,-0.0459,0.0623,10.8185,-2.5711,2.2812,2024-02-12 15:42:51.653,3.0
-0.8792,-0.0159,0.0864,10.3607,58.0444,-1.152,2024-02-12 15:42:51.653,3.0
-1.0933,0.0732,0.2727,15.3885,94.635,-0.4044,2024-02-12 15:42:51.669,3.0
-1.3005,0.082,0.3284,23.0103,72.1207,12.8784,2024-02-12 15:42:51.685,3.0
-1.2454,0.0637,0.293,26.947,27.0233,25.3067,2024-02-12 15:42:51.709,3.0
-1.1309,0.1143,-0.1484,28.0228,26.5732,29.3045,2024-02-12 15:42:51.726,3.0
-1.4148,0.2361,-0.1458,6.0654,53.8254,32.0053,2024-02-12 15:42:51.759,3.0
-1.2683,0.4565,-0.4441,-8.2321,16.1819,54.9774,2024-02-12 15:42:51.767,3.0
-1.0266,0.3047,-0.6631,-39.8865,-29.8386,50.0336,2024-02-12 15:42:51.783,3.0
-0.9163,-0.0427,-0.457,-57.2052,-53.5431,52.5513,2024-02-12 15:42:51.808,3.0
-0.7021,-0.2026,-0.2654,-50.3082,-64.1556,49.4461,2024-02-12 15:42:51.816,3.0
-0.5037,-0.3323,-0.1663,-37.8265,-52.9556,34.5993,2024-02-12 15:42:51.837,3.0
-0.4453,-0.21,0.0356,-17.0059,-17.0135,4.7226,2024-02-12 15:42:51.861,3.0
-0.6543,-0.1904,0.0564,-6.9199,15.4037,-17.952,2024-02-12 15:42:51.877,3.0
-1.0579,-0.147,-0.083,0.4196,35.4462,-28.9307,2024-02-12 15:42:51.893,3.0
-1.251,-0.1257,-0.2476,-10.5133,24.3073,-29.0146,2024-02-12 15:42:51.909,3.0
-1.156,-0.0759,-0.0913,-19.8669,-52.4597,-35.2554,2024-02-12 15:42:51.925,3.0
-0.9744,0.0103,-0.0762,-19.165,-105.957,-29.5639,2024-02-12 15:42:51.950,3.0
-0.5898,0.1306,-0.1111,-24.5132,-103.4698,-28.4958,2024-02-12 15:42:51.966,3.0
-0.3477,0.1492,-0.0725,-30.3345,-72.0444,-36.8195,2024-02-12 15:42:51.982,3.0
-0.3223,0.0842,-0.0527,-37.7579,-24.559,-45.8069,2024-02-12 15:42:51.999,3.0
-0.4492,0.0022,0.0132,-44.5862,13.8474,-50.8347,2024-02-12 15:42:52.023,3.0
-0.7087,-0.0779,0.114,-46.1884,32.1579,-45.8984,2024-02-12 15:42:52.040,3.0
-0.8823,-0.1541,0.196,-44.2963,20.5536,-36.9492,2024-02-12 15:42:52.049,3.0
-0.8611,-0.2073,0.166,-38.5208,-13.2217,-22.1481,2024-02-12 15:42:52.073,3.0
-0.707,-0.1919,0.123,-35.8047,-31.5323,-11.1465,2024-02-12 15:42:52.089,3.0
-0.5347,-0.1292,0.1477,-34.9045,-19.8288,-5.2872,2024-02-12 15:42:52.114,3.0
-0.5244,-0.0989,0.1846,-32.2266,9.407,-0.7172,2024-02-12 15:42:52.130,3.0
-0.5935,-0.1201,0.2207,-29.5486,34.8816,4.1656,2024-02-12 15:42:52.146,3.0
-0.7668,-0.137,0.2908,-24.3301,44.9219,12.5504,2024-02-12 15:42:52.162,3.0
-0.8516,-0.1401,0.3032,-16.0522,35.2554,18.7988,2024-02-12 15:42:52.203,3.0
-0.9487,-0.1284,0.3284,-10.7117,15.9454,20.546,2024-02-12 15:42:52.203,3.0
-0.9041,-0.1831,0.2546,-5.6076,-6.1188,19.7525,2024-02-12 15:42:52.219,3.0
-0.8445,-0.146,0.1262,-3.7766,-13.8779,5.9586,2024-02-12 15:42:52.260,3.0
-0.7786,-0.0505,0.1079,-3.83,-8.5068,-3.3035,2024-02-12 15:42:52.277,3.0
-0.7249,-0.0012,0.1138,-6.5384,6.5842,-18.4631,2024-02-12 15:42:52.293,3.0
-0.8672,-0.0427,0.262,-12.3367,30.3421,-29.5639,2024-02-12 15:42:52.301,3.0
-1.0059,-0.0259,0.3735,-15.3656,39.5508,-32.3639,2024-02-12 15:42:52.301,3.0
-1.0535,0.0151,0.3953,-20.2637,16.9144,-24.0326,2024-02-12 15:42:52.358,3.0
-0.8694,-0.1628,0.2329,-28.2974,-2.0523,-22.1252,2024-02-12 15:42:52.358,3.0
-0.7559,-0.458,0.0212,-37.323,24.025,-47.1802,2024-02-12 15:42:52.366,3.0
-1.0808,-0.2717,0.2937,-17.7765,66.6504,-88.8062,2024-02-12 15:42:52.374,3.0
-1.4712,-0.781,0.0015,7.6141,51.2009,-76.561,2024-02-12 15:42:52.399,3.0
-1.4309,-0.823,-0.1284,48.8281,11.1008,-57.9605,2024-02-12 15:42:52.439,3.0
-1.1538,-0.3948,-0.3608,55.9082,-68.4738,-36.7432,2024-02-12 15:42:52.439,3.0
-0.8604,-0.05,-0.3206,48.851,-99.2584,-21.0037,2024-02-12 15:42:52.456,3.0
-0.5625,0.0132,-0.3989,36.9949,-78.8116,3.1967,2024-02-12 15:42:52.472,3.0
-0.5605,-0.0256,-0.2925,18.898,-5.6305,12.3978,2024-02-12 15:42:52.488,3.0
-0.8376,-0.0076,0.0178,14.0991,47.5845,9.7427,2024-02-12 15:42:52.512,3.0
-1.144,-0.0613,0.0762,24.292,55.336,15.6097,2024-02-12 15:42:52.523,3.0
-1.2944,-0.0962,-0.0544,28.1525,23.3383,30.3802,2024-02-12 15:42:52.548,3.0
-1.1558,-0.1355,-0.0449,25.856,-29.2282,42.1448,2024-02-12 15:42:52.564,3.0
-0.821,-0.2798,0.0002,29.2816,-68.6264,47.5311,2024-02-12 15:42:52.588,3.0
-0.5198,-0.3093,-0.0071,32.2952,-45.8908,46.1121,2024-02-12 15:42:52.604,3.0
-0.4973,-0.21,0.054,34.7672,-8.9111,41.2369,2024-02-12 15:42:52.623,3.0
-0.6025,-0.0774,0.0942,36.9034,16.0751,37.9944,2024-02-12 15:42:52.639,3.0
-0.7615,-0.0042,0.1072,37.3154,18.425,38.2919,2024-02-12 15:42:52.655,3.0
-0.8184,0.0034,0.0947,37.6816,5.4016,37.5061,2024-02-12 15:42:52.672,3.0
-0.8108,0.0049,0.0786,35.8429,-6.9809,37.6282,2024-02-12 15:42:52.688,3.0
-0.6714,0.0435,0.0728,31.3644,-18.4708,36.6058,2024-02-12 15:42:52.720,3.0
-0.5464,0.0505,0.0762,26.619,-16.449,29.3579,2024-02-12 15:42:52.728,3.0
-0.4885,0.0432,0.1165,20.6375,-2.4414,16.9067,2024-02-12 15:42:52.744,3.0
-0.5022,0.053,0.1729,18.6157,10.9634,5.8212,2024-02-12 15:42:52.768,3.0
-0.5359,0.0474,0.175,16.5634,20.2026,-1.77,2024-02-12 15:42:52.784,3.0
-0.5969,0.0371,0.2322,14.0152,28.5721,-9.0485,2024-02-12 15:42:52.800,3.0
-0.7124,-0.0005,0.3057,13.5345,30.5939,-15.4495,2024-02-12 15:42:52.824,3.0
-0.8059,0.0359,0.2935,14.4196,21.0953,-13.0005,2024-02-12 15:42:52.840,3.0
-0.8945,0.1614,0.2437,16.2048,17.2577,-6.4468,2024-02-12 15:42:52.857,3.0
-0.8716,0.155,0.0337,9.4452,13.6719,1.3199,2024-02-12 15:42:52.881,3.0
-0.824,0.1096,-0.0791,-6.7825,13.7939,1.9836,2024-02-12 15:42:52.889,3.0
-0.8486,-0.0195,0.1157,-15.5411,36.8652,-4.5013,2024-02-12 15:42:52.913,3.0
-0.9888,-0.1775,0.3257,-9.697,59.3567,-10.3912,2024-02-12 15:42:52.938,3.0
-1.1038,-0.1682,0.4299,3.2349,57.1365,-11.9095,2024-02-12 15:42:52.946,3.0
-1.1418,-0.0615,0.437,17.3798,26.9623,-0.5798,2024-02-12 15:42:52.971,3.0
-0.97,-0.0386,0.3936,20.4391,4.6692,0.6943,2024-02-12 15:42:52.987,3.0
-0.8496,0.0835,0.0615,27.7634,30.5862,-0.2747,2024-02-12 15:42:53.003,3.0
-1.2754,0.0898,-0.0071,23.3307,108.7036,3.9215,2024-02-12 15:42:53.019,3.0
-1.5703,0.2795,-0.0466,23.1018,104.3243,31.1356,2024-02-12 15:42:53.043,3.0
-1.2588,0.4358,-0.7197,1.1978,8.1863,49.881,2024-02-12 15:42:53.060,3.0
-1.0208,0.1118,-0.7749,-41.8243,-64.6515,46.4935,2024-02-12 15:42:53.084,3.0
-0.7039,-0.2871,-0.3374,-56.9458,-89.8972,45.8755,2024-02-12 15:42:53.100,3.0
-0.4185,-0.3884,0.0417,-38.7878,-75.5005,33.0276,2024-02-12 15:42:53.109,3.0
-0.3562,-0.2385,0.2329,-7.0496,-19.4168,6.6986,2024-02-12 15:42:53.133,3.0
-0.574,-0.0579,-0.0168,5.2643,41.8701,-17.0822,2024-02-12 15:42:53.152,3.0
-0.9558,0.053,-0.0662,-1.915,50.8041,-33.165,2024-02-12 15:42:53.168,3.0
-1.2473,0.1765,-0.2292,-15.4648,22.049,-38.0478,2024-02-12 15:42:53.197,3.0
-1.3215,0.1296,-0.2119,-39.6805,-33.0429,-38.4216,2024-02-12 15:42:53.205,3.0
-1.05,-0.0127,-0.0266,-36.5601,-101.0513,-37.6816,2024-02-12 15:42:53.222,3.0
-0.7207,0.0093,-0.095,-38.3453,-115.0513,-32.3868,2024-02-12 15:42:53.238,3.0
-0.3984,-0.0481,-0.1177,-40.596,-91.2933,-35.675,2024-02-12 15:42:53.261,3.0
-0.3086,-0.0742,-0.0212,-44.8914,-53.0396,-44.7998,2024-02-12 15:42:53.278,3.0
-0.4131,-0.0906,0.031,-45.7382,-0.4272,-49.6063,2024-02-12 15:42:53.294,3.0
-0.6665,-0.0859,0.1108,-47.081,36.0336,-46.2875,2024-02-12 15:42:53.311,3.0
-0.8469,-0.0737,0.1541,-47.4396,28.3966,-39.3372,2024-02-12 15:42:53.335,3.0
-0.8999,-0.0908,0.1587,-44.0979,-11.6425,-24.1165,2024-02-12 15:42:53.351,3.0
-0.7175,-0.1172,0.1431,-39.5203,-39.7568,-8.0719,2024-02-12 15:42:53.368,3.0
-0.5662,-0.1514,0.1721,-35.2707,-31.9443,-1.1215,2024-02-12 15:42:53.384,3.0
-0.5007,-0.1663,0.2456,-28.9154,-7.8354,2.3346,2024-02-12 15:42:53.400,3.0
-0.5505,-0.2256,0.3193,-21.2021,21.0342,6.3858,2024-02-12 15:42:53.425,3.0
-0.6653,-0.2371,0.3704,-11.2686,34.0729,12.1307,2024-02-12 15:42:53.441,3.0
-0.7742,-0.2371,0.2795,-0.7095,31.7917,15.213,2024-02-12 15:42:53.460,3.0
-0.8179,-0.262,0.2571,-1.5411,17.0288,11.0397,2024-02-12 15:42:53.901,3.0
-0.8723,-0.2737,0.2332,-0.061,3.0365,-0.4044,2024-02-12 15:42:53.909,3.0
-0.9143,-0.1479,0.0796,3.006,-0.0229,-7.3166,2024-02-12 15:42:53.909,3.0
-0.8914,0.0225,0.0322,3.0289,0.8163,-11.116,2024-02-12 15:42:53.909,3.0
-0.8606,0.0791,0.1309,-2.7161,7.5455,-19.7449,2024-02-12 15:42:53.909,3.0
-0.9229,0.0161,0.3083,-10.4828,20.4391,-23.8037,2024-02-12 15:42:53.909,3.0
-0.9888,0.0659,0.4119,-11.879,30.1666,-20.3018,2024-02-12 15:42:53.909,3.0
-1.0029,0.0898,0.3906,-15.9531,16.9296,-12.8098,2024-02-12 15:42:53.909,3.0
-0.7998,-0.3035,0.0859,-34.6375,13.2751,-18.2343,2024-02-12 15:42:54.109,3.0
-0.4377,0.1672,0.2678,18.9285,35.759,-11.0474,2024-02-12 15:42:54.109,3.0
-0.5732,0.1494,0.2798,15.0909,43.5333,-19.8593,2024-02-12 15:42:54.109,3.0
-0.7859,0.0667,0.2852,11.3144,35.0189,-23.1857,2024-02-12 15:42:54.118,3.0
-0.9661,0.0334,0.2075,10.2997,15.1062,-14.7934,2024-02-12 15:42:54.118,3.0
-0.9194,0.042,0.0632,7.6065,-11.7416,-0.2441,2024-02-12 15:42:54.118,3.0
-0.7693,-0.0378,-0.0247,-4.4937,-20.5612,1.8616,2024-02-12 15:42:54.134,3.0
-0.8459,-0.0483,0.0515,-8.7357,23.6206,3.5019,2024-02-12 15:42:54.150,3.0
-0.9778,0.0701,0.1609,-7.8201,76.4084,14.1678,2024-02-12 15:42:54.167,3.0
-1.0544,0.1255,0.2791,-4.2267,71.9986,16.5405,2024-02-12 15:42:54.183,3.0
-1.1511,0.0605,0.3801,-2.594,52.2156,11.2,2024-02-12 15:42:54.199,3.0
-1.1973,0.1875,0.1716,8.5678,46.1578,17.0441,2024-02-12 15:42:54.223,3.0
-1.4077,0.1013,-0.0488,-2.6855,71.8155,25.2075,2024-02-12 15:42:54.240,3.0
-1.5298,0.1968,-0.0447,-4.8523,40.5807,49.3774,2024-02-12 15:42:54.256,3.0
-1.2993,0.2356,-0.4817,-14.2365,0.206,61.9354,2024-02-12 15:42:54.272,3.0
-1.1421,0.1846,-0.4341,-39.6652,-28.6331,63.4384,2024-02-12 15:42:54.289,3.0
-0.9224,-0.0256,-0.1965,-37.3764,-52.3224,66.0706,2024-02-12 15:42:54.321,3.0
-0.6118,-0.1792,-0.2256,-28.3279,-71.4417,55.1529,2024-02-12 15:42:54.329,3.0
-0.2844,-0.2847,-0.1272,-24.9176,-79.0558,33.844,2024-02-12 15:42:54.345,3.0
-0.1882,-0.2725,0.0681,-9.8953,-31.6696,0.5341,2024-02-12 15:42:54.369,3.0
-0.4717,-0.2439,0.0659,15.358,67.0166,-26.4206,2024-02-12 15:42:54.385,3.0
-0.9067,-0.1301,-0.0833,26.4206,123.6267,-39.1922,2024-02-12 15:42:54.401,3.0
-1.3599,-0.0146,-0.3726,14.8697,108.4518,-32.7759,2024-02-12 15:42:54.425,3.0
-1.3586,-0.0793,-0.1267,-5.394,-7.6904,-37.7121,2024-02-12 15:42:54.442,3.0
-1.1487,-0.0371,-0.0359,6.2332,-94.017,-35.0952,2024-02-12 15:42:54.458,3.0
-0.7126,0.0706,-0.0942,6.1188,-102.562,-34.5535,2024-02-12 15:42:54.483,3.0
-0.3833,0.0737,-0.071,-0.9308,-72.1359,-44.7235,2024-02-12 15:42:54.491,3.0
-0.3477,0.0061,-0.019,-6.6452,-27.0844,-56.6406,2024-02-12 15:42:54.516,3.0
-0.4985,-0.0564,0.0508,-13.5803,14.0991,-60.9131,2024-02-12 15:42:54.533,3.0
-0.6936,-0.0884,0.1396,-15.686,29.4876,-57.4265,2024-02-12 15:42:54.549,3.0
-0.8337,-0.1411,0.1978,-13.9008,17.0059,-44.8608,2024-02-12 15:42:54.566,3.0
-0.7947,-0.1443,0.179,-11.116,-12.0239,-28.5797,2024-02-12 15:42:54.582,3.0
-0.6592,-0.1104,0.1526,-11.055,-25.8942,-16.8839,2024-02-12 15:42:54.606,3.0
-0.5566,-0.0994,0.1833,-12.2223,-19.3558,-9.9258,2024-02-12 15:42:54.622,3.0
-0.498,-0.1311,0.1633,-11.5814,4.5242,-3.0823,2024-02-12 15:42:54.638,3.0
-0.5972,-0.1179,0.2346,-12.3825,28.9459,5.6915,2024-02-12 15:42:54.663,3.0
-0.7056,-0.0857,0.3428,-12.1307,31.7307,10.5362,2024-02-12 15:42:54.687,3.0
-0.8289,-0.1001,0.2822,-7.843,21.5149,12.8326,2024-02-12 15:42:55.062,3.0
-0.9758,-0.1028,0.2417,-6.5079,7.8278,10.0327,2024-02-12 15:42:55.062,3.0
-1.0356,-0.1309,0.2278,-6.5842,-24.7879,7.0801,2024-02-12 15:42:55.062,3.0
-0.7927,-0.1987,0.0364,-5.5618,-49.3622,-0.3662,2024-02-12 15:42:55.062,3.0
-0.6589,-0.1433,0.1338,-6.9809,-33.7677,-24.8337,2024-02-12 15:42:55.062,3.0
-0.6543,-0.1274,0.2424,-1.8539,-6.0806,-48.645,2024-02-12 15:42:55.062,3.0
-0.7864,-0.1248,0.2737,-8.316,5.1727,-50.5676,2024-02-12 15:42:55.070,3.0
-0.5627,-0.3069,0.0105,0.2899,-20.752,57.3578,2024-02-12 15:42:55.071,3.0
-0.5049,-0.1931,0.0393,4.8981,6.3629,53.833,2024-02-12 15:42:55.087,3.0
-0.644,-0.0569,0.123,9.2392,24.7345,47.5845,2024-02-12 15:42:55.112,3.0
-0.6475,0.0029,0.0317,11.9324,19.5236,45.723,2024-02-12 15:42:55.128,3.0
-0.6309,0.0215,0.0015,11.1389,7.2784,41.6412,2024-02-12 15:42:55.144,3.0
-0.5676,0.0315,0.031,8.4,0.5722,35.4843,2024-02-12 15:42:55.160,3.0
-0.5002,0.0378,0.0979,7.5302,8.5373,26.062,2024-02-12 15:42:55.184,3.0
-0.4587,0.0835,0.0662,6.5002,18.8065,15.7394,2024-02-12 15:42:55.200,3.0
-0.491,0.0989,0.0569,1.8387,25.2914,5.3253,2024-02-12 15:42:55.224,3.0
-0.5571,0.1003,0.0791,-2.1057,26.68,-3.1357,2024-02-12 15:42:55.233,3.0
-0.6345,0.084,0.1497,-8.9874,25.6271,-11.7645,2024-02-12 15:42:55.258,3.0
-0.7219,0.0352,0.2578,-10.8109,19.6915,-18.9819,2024-02-12 15:42:55.282,3.0
-0.8262,-0.0076,0.3081,-8.9722,10.4675,-20.4697,2024-02-12 15:42:55.290,3.0
-0.9072,-0.051,0.2576,-7.0724,-2.9602,-15.5563,2024-02-12 15:42:55.314,3.0
-0.8767,-0.0793,0.1538,-7.6218,-17.7765,-8.3694,2024-02-12 15:42:55.332,3.0
-0.7966,-0.0771,0.0234,-8.7967,-17.6468,-2.8229,2024-02-12 15:42:55.349,3.0
-0.8254,-0.0288,-0.0886,-10.3836,19.9432,2.4567,2024-02-12 15:42:55.365,3.0
-1.0264,0.05,0.1331,-9.6664,83.9767,1.8387,2024-02-12 15:42:55.381,3.0
-1.2329,0.0044,0.3704,0.2823,86.1511,2.327,2024-02-12 15:42:55.405,3.0
-1.3782,-0.0657,0.3474,21.347,45.639,13.3362,2024-02-12 15:42:55.423,3.0
-1.4141,-0.0552,-0.0469,25.9323,36.4456,27.6031,2024-02-12 15:42:55.447,3.0
-1.5076,0.0581,0.1194,19.9738,27.42,35.5759,2024-02-12 15:42:55.455,3.0
-1.2715,0.3354,-0.3787,15.0223,-8.7204,57.991,2024-02-12 15:42:55.488,3.0
-1.1025,0.3958,-0.5369,-6.6376,-26.123,57.106,2024-02-12 15:42:55.488,3.0
-1.0591,0.3606,-0.5388,-21.5759,-27.5345,68.8782,2024-02-12 15:42:55.512,3.0
-0.6719,-0.043,-0.4963,-40.5273,-59.7916,63.9801,2024-02-12 15:42:55.537,3.0
-0.4099,-0.3098,-0.1326,-41.2369,-74.234,42.6331,2024-02-12 15:42:55.545,3.0
-0.2585,-0.364,0.2461,-4.2648,-26.0925,-0.7477,2024-02-12 15:42:55.569,3.0
-0.5847,-0.2366,0.0259,23.2315,64.3005,-34.2178,2024-02-12 15:42:55.586,3.0
-1.0359,-0.0874,-0.2107,28.6484,111.0229,-40.8859,2024-02-12 15:42:55.602,3.0
-1.387,0.1233,-0.3896,5.8212,59.1812,-45.5933,2024-02-12 15:42:55.618,3.0
-1.439,0.0686,-0.2859,-16.4871,-41.481,-44.2657,2024-02-12 15:42:55.642,3.0
-1.0466,-0.0256,-0.0349,-14.0915,-124.3896,-38.8184,2024-02-12 15:42:55.659,3.0
-0.5991,0.0215,0.0039,-15.6937,-128.4409,-35.5682,2024-02-12 15:42:55.675,3.0
-0.2908,0.0642,-0.061,-19.5847,-94.9326,-41.2903,2024-02-12 15:42:55.699,3.0
-0.2283,0.0396,-0.1782,-32.2723,-47.1191,-52.2766,2024-02-12 15:42:55.707,3.0
-0.3716,-0.011,-0.0759,-46.7682,-7.7438,-59.6085,2024-02-12 15:42:55.731,3.0
-0.5962,-0.0754,0.0757,-50.705,14.3509,-55.4886,2024-02-12 15:42:55.747,3.0
-0.8105,-0.0935,0.1875,-48.6755,14.9689,-40.5807,2024-02-12 15:42:55.763,3.0
-0.7844,-0.1118,0.144,-43.7012,-4.5013,-20.4773,2024-02-12 15:42:55.788,3.0
-0.6736,-0.1082,0.1611,-40.0314,-18.486,-4.8523,2024-02-12 15:42:55.812,3.0
-0.5674,-0.137,0.1926,-36.7889,-12.8479,6.4545,2024-02-12 15:42:55.821,3.0
-0.5718,-0.1777,0.2603,-32.4478,9.0866,18.5165,2024-02-12 15:42:55.845,3.0
-0.657,-0.1943,0.3655,-26.1154,23.5519,27.8702,2024-02-12 15:42:56.364,3.0
-0.7891,-0.2036,0.3875,-12.7563,23.8495,36.9339,2024-02-12 15:42:56.364,3.0
-0.8716,-0.2114,0.3142,-2.243,12.7182,42.3813,2024-02-12 15:42:56.364,3.0
-0.8555,-0.2834,0.2537,3.6011,-11.8332,38.1241,2024-02-12 15:42:56.364,3.0
-0.804,-0.2668,0.1865,5.4703,-35.1028,24.0479,2024-02-12 15:42:56.364,3.0
-0.7705,-0.1316,0.0906,6.3629,-30.9677,7.9956,2024-02-12 15:42:56.364,3.0
-0.7104,-0.0298,0.0342,10.5591,-6.3553,-8.4305,2024-02-12 15:42:56.364,3.0
-0.7468,-0.0415,0.0579,7.3242,21.1411,-33.5083,2024-02-12 15:42:56.372,3.0
-0.5371,-0.2676,-0.0239,9.7351,-2.3193,59.2117,2024-02-12 15:42:56.568,3.0
-0.6477,0.1028,0.2405,16.7007,28.8773,-13.9542,2024-02-12 15:42:56.568,3.0
-0.7632,0.0459,0.2588,14.0839,27.771,-14.8697,2024-02-12 15:42:56.568,3.0
-0.8699,0.0588,0.2346,17.0441,22.5906,-10.2234,2024-02-12 15:42:56.568,3.0
-0.8359,0.0129,0.0557,13.8092,14.679,-2.8076,2024-02-12 15:42:56.576,3.0
-0.824,-0.0217,0.0381,5.1804,14.267,-5.394,2024-02-12 15:42:56.576,3.0
-0.9905,0.0015,0.1194,5.0888,36.7432,-1.2283,2024-02-12 15:42:56.584,3.0
-1.0884,0.0874,0.1687,9.8724,53.093,13.0463,2024-02-12 15:42:56.600,3.0
-1.051,0.1494,0.2495,10.9711,35.5759,21.8964,2024-02-12 15:42:56.625,3.0
-0.958,0.1135,0.4009,10.6354,20.7138,16.037,2024-02-12 15:42:56.641,3.0
-0.9458,0.2209,0.2722,25.7568,41.5497,7.1716,2024-02-12 15:42:56.659,3.0
-1.1709,0.1069,-0.0254,23.7274,106.2317,10.8185,2024-02-12 15:42:56.683,3.0
-1.584,0.2383,-0.0637,21.2784,111.084,30.9219,2024-02-12 15:42:56.691,3.0
-1.4746,0.3145,-0.7456,3.0899,39.6423,63.9343,2024-02-12 15:42:56.715,3.0
-1.239,0.2036,-0.7317,-31.5323,-41.9388,60.5698,2024-02-12 15:42:56.731,3.0
-1.0591,-0.1187,-0.2407,-37.3383,-101.7685,66.9785,2024-02-12 15:42:56.747,3.0
-0.6123,-0.3262,-0.103,-21.6522,-123.2376,57.2281,2024-02-12 15:42:56.772,3.0
-0.2258,-0.3008,-0.0066,-1.0223,-119.2856,33.3633,2024-02-12 15:42:56.780,3.0
-0.1665,-0.2761,0.0808,22.2626,-45.0897,4.5853,2024-02-12 15:42:56.804,3.0
-0.3831,-0.3083,0.157,43.7851,56.7322,-21.8735,2024-02-12 15:42:56.821,3.0
-0.9307,-0.2461,-0.0881,51.0483,137.9623,-35.4996,2024-02-12 15:42:56.837,3.0
-1.4329,-0.1023,-0.3445,45.5246,140.7318,-25.8102,2024-02-12 15:42:56.861,3.0
-1.4421,0.0271,-0.2556,19.8135,-0.6485,-34.1492,2024-02-12 15:42:56.878,3.0
-1.3418,0.0881,-0.0693,18.8293,-130.394,-25.65,2024-02-12 15:42:56.902,3.0
-0.7756,0.1389,-0.0742,18.0664,-144.5694,-16.449,2024-02-12 15:42:56.918,3.0
-0.3716,0.0798,-0.0193,10.8261,-102.8824,-28.6255,2024-02-12 15:42:56.934,3.0
-0.2639,0.0022,-0.0054,-2.2125,-38.6887,-42.0837,2024-02-12 15:42:56.950,3.0
-0.4255,-0.0557,0.0632,-7.164,12.2604,-52.536,2024-02-12 15:42:56.966,3.0
-0.7324,-0.0779,0.1189,-12.4283,28.2516,-52.8717,2024-02-12 15:42:56.990,3.0
-0.8247,-0.0918,0.116,-14.5721,6.9351,-42.8925,2024-02-12 15:42:57.007,3.0
-0.7915,-0.0679,0.1191,-17.334,-19.6152,-28.5339,2024-02-12 15:42:57.023,3.0
-0.6421,-0.0435,0.1499,-19.6533,-29.953,-15.6097,2024-02-12 15:42:57.040,3.0
-0.5007,-0.0286,0.1877,-24.8337,-13.1989,-4.2267,2024-02-12 15:42:57.100,3.0
-0.4363,-0.0337,0.2212,-29.0222,14.9307,1.2054,2024-02-12 15:42:57.100,3.0
-0.5342,0.0012,0.2632,-32.0206,41.9922,5.1193,2024-02-12 15:42:57.108,3.0
-0.7207,0.0754,0.2798,-31.2271,55.0079,12.1918,2024-02-12 15:42:57.108,3.0
-0.8706,0.0608,0.2227,-29.2282,44.4107,21.1945,2024-02-12 15:42:57.124,3.0
-0.9358,-0.0432,0.1418,-30.4184,13.6566,23.0331,2024-02-12 15:42:57.157,3.0
-0.9155,-0.1104,0.0354,-33.0429,-11.8256,13.2294,2024-02-12 15:42:57.165,3.0
-0.8726,-0.0593,0.0544,-33.905,-17.9138,-5.3558,2024-02-12 15:42:57.181,3.0
-0.8071,-0.1428,0.1492,-28.9688,-7.2479,-32.3029,2024-02-12 15:42:57.198,3.0
-0.8748,-0.2209,0.2788,-35.0952,1.7548,-48.3704,2024-02-12 15:42:57.215,3.0
-0.9021,-0.1157,0.3967,-32.1655,8.2092,-47.0352,2024-02-12 15:42:57.240,3.0
-0.9277,0.0317,0.3979,-32.5012,8.6288,-37.6511,2024-02-12 15:42:57.248,3.0
-0.8347,-0.3374,0.1924,-42.8696,23.2391,-33.0048,2024-02-12 15:42:57.264,3.0
-1.1292,-0.3596,0.28,-43.541,64.7736,-64.5828,2024-02-12 15:42:57.288,3.0
-1.6047,-0.4648,0.1355,-23.3459,31.7154,-67.4515,2024-02-12 15:42:57.304,3.0
-1.4329,-0.7317,0.082,11.9095,-3.8528,-46.1349,2024-02-12 15:42:57.328,3.0
-1.1497,-0.5303,-0.1313,39.2761,-42.8162,-38.3453,2024-02-12 15:42:57.344,3.0
-0.9209,-0.3745,-0.2412,25.5814,-57.3196,-38.3835,2024-02-12 15:42:57.361,3.0
-0.8081,-0.2737,-0.2393,16.2735,-69.0079,-23.4909,2024-02-12 15:42:57.380,3.0
-0.6267,-0.1313,-0.3098,4.6844,-67.6422,-4.6921,2024-02-12 15:42:57.405,3.0
-0.5308,0.1313,-0.249,-14.2212,-26.0315,-1.0605,2024-02-12 15:42:57.413,3.0
-0.821,0.2522,-0.0684,-18.5471,35.3012,-5.6992,2024-02-12 15:42:57.438,3.0
-1.1855,0.1914,-0.0696,-10.788,68.8095,4.3106,2024-02-12 15:42:57.454,3.0
-1.2856,0.0051,-0.145,-9.3079,49.1714,22.8729,2024-02-12 15:42:57.486,3.0
-1.1548,-0.1746,-0.1035,-14.3814,-6.1722,34.4772,2024-02-12 15:42:57.494,3.0
-0.9421,-0.354,0.0244,-8.0948,-49.6216,39.5126,2024-02-12 15:42:57.510,3.0
-0.7368,-0.4202,0.0156,3.9062,-44.0979,47.2488,2024-02-12 15:42:57.518,3.0
-0.5828,-0.3079,0.0342,15.7852,-11.3449,53.5736,2024-02-12 15:42:57.542,3.0
-0.6323,-0.1411,0.0959,23.9029,3.7766,52.1317,2024-02-12 15:42:57.559,3.0
-0.7427,-0.0234,0.1108,32.9208,1.564,49.4003,2024-02-12 15:42:57.583,3.0
-0.7605,0.0085,0.0542,38.8489,-6.7902,50.087,2024-02-12 15:42:57.600,3.0
-0.6633,0.031,0.051,41.7938,-13.6032,48.4695,2024-02-12 15:42:57.616,3.0
-0.5549,0.0159,0.0967,41.5726,-14.1068,42.0609,2024-02-12 15:42:57.632,3.0
-0.4814,0.0444,0.1216,43.5944,-4.4327,30.0369,2024-02-12 15:42:57.648,3.0
-0.4497,0.0601,0.0964,43.9148,10.0555,19.516,2024-02-12 15:42:57.691,3.0
-0.4626,0.0671,0.0952,41.8854,22.995,7.2784,2024-02-12 15:42:57.691,3.0
-0.5188,0.0559,0.1467,37.2391,30.9448,-2.327,2024-02-12 15:42:57.708,3.0
-0.6106,0.0891,0.2593,35.1181,35.6216,-10.3302,2024-02-12 15:42:57.724,3.0
-0.7031,0.0364,0.3181,34.0729,32.2266,-18.3029,2024-02-12 15:42:57.740,3.0
-0.8035,-0.0198,0.3088,33.7067,19.7296,-19.165,2024-02-12 15:42:57.757,3.0
-0.8628,0.019,0.2466,33.6609,1.442,-15.2664,2024-02-12 15:42:57.781,3.0
-0.8235,0.126,0.0359,29.1519,-3.6774,-9.0714,2024-02-12 15:42:57.800,3.0
-0.8154,0.1394,-0.1558,9.8648,14.8926,-7.3929,2024-02-12 15:42:57.816,3.0
-0.8713,-0.0083,0.1084,-5.249,44.6854,-13.1378,2024-02-12 15:42:57.833,3.0
-1.1541,-0.0249,0.314,-0.8545,74.8215,-9.8648,2024-02-12 15:42:57.857,3.0
-1.2808,-0.0354,0.4133,10.7193,68.2755,-5.6076,2024-02-12 15:42:57.873,3.0
-1.304,-0.0171,0.4006,17.5171,26.3596,3.0975,2024-02-12 15:42:57.889,3.0
-1.0989,0.125,0.2654,23.5367,-6.9733,11.1694,2024-02-12 15:42:57.905,3.0
-1.0947,0.1465,-0.103,16.8762,33.1726,13.1454,2024-02-12 15:42:57.921,3.0
-1.4438,0.261,0.0581,11.5814,62.8815,28.4882,2024-02-12 15:42:57.946,3.0
-1.3088,0.323,-0.3975,3.2501,13.9542,47.7753,2024-02-12 15:42:57.962,3.0
-1.1401,0.3228,-0.6375,-23.8571,-42.9916,49.8199,2024-02-12 15:42:57.978,3.0
-0.9363,0.0974,-0.498,-37.3535,-65.8417,58.2047,2024-02-12 15:42:58.002,3.0
-0.5674,-0.1743,-0.3926,-44.6701,-82.3135,52.4368,2024-02-12 15:42:58.010,3.0
-0.2363,-0.314,-0.0457,-34.3933,-59.2804,22.1024,2024-02-12 15:42:58.034,3.0
-0.2727,-0.1802,0.1907,-0.2365,1.9531,-19.7449,2024-02-12 15:42:58.051,3.0
-0.6926,-0.0623,0.0098,17.9214,70.4956,-38.6658,2024-02-12 15:42:58.067,3.0
-1.1106,0.0349,-0.1267,13.7863,79.1168,-42.1219,2024-02-12 15:42:58.083,3.0
-1.4695,0.0916,-0.3687,-17.2195,31.456,-42.3126,2024-02-12 15:42:58.110,3.0
-1.3518,-0.1228,-0.0471,-30.8456,-69.7784,-36.293,2024-02-12 15:42:58.126,3.0
-0.9602,-0.0403,0.0066,-21.7209,-138.6032,-28.5797,2024-02-12 15:42:58.142,3.0
-0.583,0.072,-0.0522,-24.4598,-129.1275,-28.5034,2024-02-12 15:42:58.158,3.0
-0.2815,0.1328,0.0037,-35.8582,-83.4122,-40.1993,2024-02-12 15:42:58.174,3.0
-0.1982,0.0835,-0.0627,-49.0417,-38.3835,-49.1714,2024-02-12 15:42:58.206,3.0
-0.4258,0.0432,-0.009,-62.561,10.788,-50.972,2024-02-12 15:42:58.214,3.0
-0.6799,0.0039,0.0627,-73.1125,41.5726,-45.8984,2024-02-12 15:42:58.230,3.0
-0.8665,-0.0439,0.0601,-78.5599,31.4255,-37.7884,2024-02-12 15:42:58.262,3.0
-0.8928,-0.0889,0.0669,-77.9877,-2.3575,-21.1945,2024-02-12 15:42:58.270,3.0
-0.7178,-0.1101,0.1277,-72.3495,-18.7454,-5.6305,2024-02-12 15:42:58.294,3.0
-0.5476,-0.1653,0.2432,-64.6362,-10.8795,3.9062,2024-02-12 15:42:58.310,3.0
-0.4934,-0.2539,0.3621,-52.536,14.2899,9.3842,2024-02-12 15:42:58.318,3.0
-0.6387,-0.2874,0.4219,-38.2004,35.6064,13.8016,2024-02-12 15:42:58.342,3.0
-0.7874,-0.3008,0.4255,-22.1405,39.5737,20.0043,2024-02-12 15:42:58.359,3.0
-0.928,-0.2964,0.4124,-4.0436,22.9874,24.3149,2024-02-12 15:42:58.375,3.0
-0.9497,-0.365,0.2981,12.2528,-6.4316,24.4751,2024-02-12 15:42:58.399,3.0
-0.8867,-0.3635,0.0061,24.5285,-15.5106,9.3307,2024-02-12 15:42:58.407,3.0
-0.9668,0.145,-0.0061,20.8511,-15.007,6.5079,2024-02-12 15:42:58.431,3.0
-0.7812,0.2537,0.0886,21.2402,-12.5885,-3.4027,2024-02-12 15:42:58.456,3.0
-0.8201,0.1619,0.1616,0.0076,6.6071,-20.3781,2024-02-12 15:42:58.464,3.0
-0.8887,0.0657,0.3665,-8.4686,28.6865,-23.1628,2024-02-12 15:42:58.698,3.0
-0.9329,0.1514,0.385,-11.4365,26.6418,-23.5672,2024-02-12 15:42:58.705,3.0
-0.8838,0.0911,0.2812,-24.8871,8.934,-25.3448,2024-02-12 15:42:58.705,3.0
-0.8125,-0.3374,0.2012,-45.1126,23.201,-36.9415,2024-02-12 15:42:58.705,3.0
-1.0916,-0.3142,0.4304,-40.329,58.1589,-55.1453,2024-02-12 15:42:58.705,3.0
-1.4302,-0.2842,0.3855,-26.6571,50.5142,-51.4755,2024-02-12 15:42:58.705,3.0
-1.4624,-0.4084,0.0547,-10.2539,20.546,-37.8647,2024-02-12 15:42:58.705,3.0
-1.3779,-0.5825,-0.0559,10.6506,-20.0653,-37.0712,2024-02-12 15:42:58.705,3.0
-1.1558,-0.6716,-0.1082,26.329,-52.4139,-35.4156,2024-02-12 15:42:58.729,3.0
-1.1506,-0.2212,-0.0994,14.5798,-43.0145,46.3104,2024-02-12 15:42:58.747,3.0
-0.7288,-0.2954,-0.0671,14.9918,-66.864,44.0445,2024-02-12 15:42:58.771,3.0
-0.5645,-0.3333,0.0801,24.1699,-28.0991,45.0897,2024-02-12 15:42:58.788,3.0
-0.5542,-0.2187,0.1204,41.7404,23.8495,51.0941,2024-02-12 15:42:58.812,3.0
-0.6697,-0.0884,0.0369,53.9169,49.5071,53.1845,2024-02-12 15:42:58.829,3.0
-0.792,0.0015,-0.0247,56.3965,39.0167,54.4815,2024-02-12 15:42:58.845,3.0
-0.824,-0.0115,0.0164,57.4188,15.9836,54.5197,2024-02-12 15:42:58.861,3.0
-0.751,-0.0269,0.0627,61.5311,-1.9226,51.9333,2024-02-12 15:42:58.886,3.0
-0.6531,-0.0203,0.0642,63.5605,-10.1776,47.0581,2024-02-12 15:42:58.902,3.0
-0.5676,0.0457,0.0569,61.9583,-8.5678,38.2309,2024-02-12 15:42:58.918,3.0
-0.49,0.0906,0.0488,55.542,2.4185,27.4353,2024-02-12 15:42:58.934,3.0
-0.4539,0.1575,0.0664,47.4777,14.4501,13.9313,2024-02-12 15:42:58.950,3.0
-0.5051,0.2312,0.1267,35.7513,26.7181,1.6098,2024-02-12 15:42:58.974,3.0
-0.6411,0.2063,0.238,23.4985,30.1361,-6.546,2024-02-12 15:42:58.998,3.0
-0.7324,0.1382,0.2317,14.7324,26.0849,-9.7198,2024-02-12 15:42:59.006,3.0
-0.7759,0.1577,0.1875,2.1896,18.3105,-10.8795,2024-02-12 15:42:59.030,3.0
-0.8308,0.3411,0.137,-7.515,20.5994,-7.782,2024-02-12 15:42:59.042,3.0
-0.8152,0.3105,-0.0493,-19.3253,35.1563,-4.0741,2024-02-12 15:42:59.066,3.0
-0.9507,0.156,-0.1328,-35.1791,49.881,-5.1804,2024-02-12 15:42:59.082,3.0
-1.0513,-0.1089,0.094,-42.2821,55.3436,-9.3842,2024-02-12 15:42:59.098,3.0
-1.2087,-0.249,0.3501,-27.4734,44.426,-7.7438,2024-02-12 15:42:59.114,3.0
-1.1487,-0.291,0.4629,-2.533,19.1879,-1.0452,2024-02-12 15:42:59.138,3.0
-0.9595,-0.2681,0.5122,19.5541,-13.1683,-1.0986,2024-02-12 15:42:59.150,3.0
-0.8311,-0.0833,0.1108,42.244,3.1128,-4.7531,2024-02-12 15:42:59.175,3.0
-1.2983,0.0266,-0.1592,45.3796,85.1364,4.2648,2024-02-12 15:42:59.191,3.0
-1.7036,0.5049,-0.3755,46.0892,101.5778,53.4134,2024-02-12 15:42:59.207,3.0
-1.4912,0.5696,-0.9744,11.055,26.2985,91.7282,2024-02-12 15:42:59.223,3.0
-1.1062,0.0283,-0.8665,-35.6522,-103.9963,76.7899,2024-02-12 15:42:59.243,3.0
-0.6411,-0.2478,-0.5361,-43.1137,-162.4985,72.2885,2024-02-12 15:42:59.267,3.0
-0.1162,-0.3071,-0.1611,-28.656,-133.9951,46.0358,2024-02-12 15:42:59.283,3.0
-0.0027,-0.1558,0.1858,4.982,-35.0189,-9.3842,2024-02-12 15:42:59.299,3.0
-0.4397,0.0552,0.0713,31.4178,58.7311,-44.7311,2024-02-12 15:42:59.315,3.0
-0.9636,0.1616,-0.1621,26.9623,88.0737,-53.8788,2024-02-12 15:42:59.331,3.0
-1.3337,0.1345,-0.281,-0.4959,55.4428,-56.8466,2024-02-12 15:42:59.348,3.0
-1.3918,-0.0654,-0.0764,-16.1972,-32.1884,-54.1306,2024-02-12 15:42:59.372,3.0
-1.1152,-0.009,-0.0474,-13.031,-114.3188,-46.7834,2024-02-12 15:42:59.397,3.0
-0.697,0.0894,-0.144,-20.7062,-133.7814,-44.3268,2024-02-12 15:42:59.405,3.0
-0.3352,0.166,-0.1965,-34.3399,-104.8737,-48.0118,2024-02-12 15:42:59.421,3.0
-0.208,0.135,-0.1492,-47.8363,-46.1197,-56.2744,2024-02-12 15:42:59.448,3.0
-0.3206,0.0508,-0.0823,-58.548,11.5738,-60.9741,2024-02-12 15:42:59.464,3.0
-0.5811,-0.0957,0.0745,-64.8956,53.8712,-59.4864,2024-02-12 15:42:59.480,3.0
-0.8267,-0.1636,0.1812,-63.2553,49.6597,-53.6652,2024-02-12 15:42:59.496,3.0
-0.9668,-0.1934,0.1738,-56.3507,16.4948,-36.3083,2024-02-12 15:42:59.513,3.0
-0.8435,-0.2043,0.1335,-50.6363,-13.1073,-19.455,2024-02-12 15:42:59.537,3.0
-0.6572,-0.1521,0.2073,-43.7393,-20.2103,-9.0485,2024-02-12 15:42:59.554,3.0
-0.5527,-0.1545,0.2178,-30.8075,-1.3199,-0.8087,2024-02-12 15:42:59.578,3.0
-0.542,-0.156,0.2649,-25.5585,22.2168,6.2408,2024-02-12 15:42:59.587,3.0
-0.6531,-0.1709,0.3831,-17.0898,36.4914,12.9852,2024-02-12 15:42:59.612,3.0
-0.7881,-0.1899,0.3765,-6.3553,40.4892,20.7977,2024-02-12 15:42:59.628,3.0
-0.8977,-0.2751,0.2976,2.4338,30.4871,24.6811,2024-02-12 15:42:59.644,3.0
-1.0024,-0.2383,0.1924,2.6398,2.8915,14.8544,2024-02-12 15:42:59.668,3.0
-1.0078,0.0295,0.032,2.6321,-23.4528,7.8049,2024-02-12 15:42:59.684,3.0
-0.8721,0.1675,-0.0842,-5.7983,-23.8647,-2.4414,2024-02-12 15:42:59.701,3.0
-0.7949,0.0171,0.0974,-13.9389,-0.4044,-22.5754,2024-02-12 15:42:59.717,3.0
-0.8516,-0.1501,0.3577,-13.4125,17.9443,-29.5486,2024-02-12 15:42:59.741,3.0
-0.8752,-0.2234,0.2783,-11.1771,32.0282,-29.1519,2024-02-12 15:42:59.760,3.0
-0.9592,-0.1667,0.1729,-13.6414,57.2357,-48.8586,2024-02-12 15:42:59.768,3.0
-1.2893,-0.2449,0.124,-8.8577,49.4308,-81.0928,2024-02-12 15:42:59.793,3.0
-1.4678,-0.575,-0.0701,-3.624,25.0397,-76.5762,2024-02-12 15:42:59.809,3.0
-1.3237,-0.7305,0.0378,29.9606,-7.4463,-70.2591,2024-02-12 15:42:59.825,3.0
-1.2046,-0.5459,-0.2864,45.5856,-42.3431,-60.524,2024-02-12 15:42:59.849,3.0
-1.0737,-0.1338,-0.3867,39.5355,-73.7534,-41.1301,2024-02-12 15:42:59.865,3.0
-0.7126,0.0806,-0.4702,13.5345,-89.6301,-4.5319,2024-02-12 15:42:59.881,3.0
-0.4534,0.1609,-0.2683,-13.2294,-52.7191,9.0256,2024-02-12 15:42:59.898,3.0
-0.6392,0.1902,-0.0125,-16.7542,20.5917,20.9122,2024-02-12 15:42:59.914,3.0
-0.8562,0.2424,-0.0771,-18.5242,63.2629,23.4146,2024-02-12 15:42:59.939,3.0
-1.1133,0.0715,-0.1421,-21.8277,65.7883,22.522,2024-02-12 15:42:59.955,3.0
-1.1746,-0.1465,-0.1626,-23.0713,27.7405,24.9405,2024-02-12 15:42:59.972,3.0
-1.1184,-0.2488,0.0017,-23.4222,-20.5078,31.0135,2024-02-12 15:42:59.989,3.0
-0.9558,-0.3359,0.072,-9.2621,-46.5927,44.5938,2024-02-12 15:43:00.013,3.0
-0.7104,-0.304,-0.0149,2.9144,-37.8952,54.1763,2024-02-12 15:43:00.029,3.0
-0.571,-0.2034,-0.0142,9.285,-17.5171,56.0837,2024-02-12 15:43:00.045,3.0
-0.5867,-0.1018,0.0908,14.7324,1.9455,48.4467,2024-02-12 15:43:00.061,3.0
-0.6931,-0.0637,0.1411,22.11,4.158,44.9524,2024-02-12 15:43:00.086,3.0
-0.7271,-0.0415,0.1262,28.1906,-4.6387,46.4554,2024-02-12 15:43:00.094,3.0
-0.675,0.0017,0.0889,33.0963,-22.3007,45.0668,2024-02-12 15:43:00.118,3.0
-0.5596,0.0496,0.0588,32.4173,-34.1797,38.9099,2024-02-12 15:43:00.135,3.0
-0.4023,0.1099,0.0979,28.9993,-35.0571,26.7105,2024-02-12 15:43:00.151,3.0
-0.3145,0.1404,0.1345,26.8021,-20.7825,10.6659,2024-02-12 15:43:00.167,3.0
-0.3457,0.1687,0.2209,27.2675,8.3771,-4.2877,2024-02-12 15:43:00.191,3.0
-0.4558,0.1604,0.2866,28.8773,30.1514,-16.1972,2024-02-12 15:43:00.207,3.0
-0.6436,0.104,0.272,27.8625,38.4674,-23.941,2024-02-12 15:43:00.223,3.0
-0.8394,0.0474,0.1658,28.1906,40.0543,-21.5988,2024-02-12 15:43:00.247,3.0
-0.896,0.032,0.0769,23.8113,29.1519,-12.8708,2024-02-12 15:43:00.264,3.0
-0.9417,0.0251,-0.031,13.2294,22.9568,-6.7673,2024-02-12 15:43:00.280,3.0
-1.0977,0.0679,0.0461,0.2365,47.1268,2.8305,2024-02-12 15:43:00.296,3.0
-1.1689,0.0574,0.3274,1.0223,54.1611,9.8038,2024-02-12 15:43:00.321,3.0
-1.1714,0.0149,0.4265,11.9247,40.329,8.3084,2024-02-12 15:43:00.337,3.0
-1.1296,0.0706,0.3838,26.6266,28.9459,8.8425,2024-02-12 15:43:00.361,3.0
-1.176,0.1409,0.0154,35.3928,51.6205,14.5569,2024-02-12 15:43:00.377,3.0
-1.5056,0.1218,-0.0659,20.3247,73.3337,20.0577,2024-02-12 15:43:00.393,3.0
-1.5579,0.2883,-0.5044,13.9084,31.6467,53.7262,2024-02-12 15:43:00.409,3.0
-1.2344,0.3108,-0.7573,-20.4773,-34.668,56.8695,2024-02-12 15:43:00.425,3.0
-1.0466,0.1704,-0.5317,-35.4156,-81.81,62.3703,2024-02-12 15:43:00.449,3.0
-0.5989,-0.2312,-0.2754,-37.3001,-120.4147,59.3109,2024-02-12 15:43:00.465,3.0
-0.2817,-0.3474,0.021,-18.9743,-127.0447,35.3546,2024-02-12 15:43:00.481,3.0
-0.2217,-0.3127,0.2371,12.3215,-56.2134,0.3738,2024-02-12 15:43:00.501,3.0
-0.4194,-0.2754,0.2307,38.5971,43.7393,-31.5399,2024-02-12 15:43:00.517,3.0
-0.8997,-0.1855,-0.1147,46.6995,103.035,-51.6434,2024-02-12 15:43:00.534,3.0
-1.3979,-0.012,-0.3584,29.274,98.2742,-47.2946,2024-02-12 15:43:00.558,3.0
-1.3506,0.0667,-0.2493,6.4774,-17.4789,-46.814,2024-02-12 15:43:00.566,3.0
-1.1628,0.1111,-0.0764,6.7749,-121.1472,-34.2407,2024-02-12 15:43:00.594,3.0
-0.6777,0.1724,-0.1343,0.0,-122.4899,-29.0909,2024-02-12 15:43:00.610,3.0
-0.3188,0.1509,-0.1143,-11.1237,-88.3102,-36.2854,2024-02-12 15:43:00.626,3.0
-0.2444,0.0452,-0.0747,-22.9187,-38.1165,-47.348,2024-02-12 15:43:00.642,3.0
-0.4407,-0.0708,0.0496,-33.6075,9.6893,-52.7039,2024-02-12 15:43:00.666,3.0
-0.6179,-0.1228,0.1196,-37.7121,32.5546,-52.597,2024-02-12 15:43:00.682,3.0
-0.8264,-0.1343,0.1357,-40.1535,24.4598,-44.2123,2024-02-12 15:43:00.698,3.0
-0.7959,-0.1157,0.0833,-38.5513,-4.0588,-28.9764,2024-02-12 15:43:00.723,3.0
-0.6599,-0.0486,0.0698,-39.9857,-21.553,-13.8702,2024-02-12 15:43:00.731,3.0
-0.5227,-0.0422,0.1248,-43.5867,-10.8109,-2.0065,2024-02-12 15:43:00.755,3.0
-0.4543,-0.0779,0.2114,-44.4412,16.9754,6.6071,2024-02-12 15:43:00.788,3.0
-0.5667,-0.084,0.3174,-39.856,40.3976,17.2272,2024-02-12 15:43:00.796,3.0
-0.73,-0.1165,0.3398,-29.6783,51.7731,29.2282,2024-02-12 15:43:00.812,3.0
-0.8606,-0.1553,0.3191,-24.8337,44.2657,32.2266,2024-02-12 15:43:00.836,3.0
-0.9312,-0.2422,0.2771,-24.1547,25.0854,24.0402,2024-02-12 15:43:00.844,3.0
-0.9692,-0.2666,0.2246,-16.6092,7.2479,11.2534,2024-02-12 15:43:00.852,3.0
-0.9893,-0.1797,0.0117,-4.5166,-0.679,-4.6768,2024-02-12 15:43:00.868,3.0
-0.8494,-0.0225,0.0981,0.0992,-8.4381,-12.2299,2024-02-12 15:43:00.893,3.0
-0.8591,-0.0659,0.2966,-10.2768,-4.0894,-33.1955,2024-02-12 15:43:00.909,3.0
-0.9468,-0.0249,0.4607,-10.4675,13.7482,-34.4162,2024-02-12 15:43:00.934,3.0
-0.9792,0.0979,0.3608,-13.7787,22.583,-26.3138,2024-02-12 15:43:00.948,3.0
-0.7817,-0.3669,0.0164,-37.3688,26.5884,-34.8434,2024-02-12 15:43:00.964,3.0
-1.1567,-0.2437,0.2617,-33.5999,59.1583,-70.6863,2024-02-12 15:43:00.981,3.0
-1.6377,-0.2566,0.2241,-19.2032,16.5939,-43.8766,2024-02-12 15:43:01.005,3.0
-1.3677,-0.5049,0.0437,10.2081,-9.4681,-24.1928,2024-02-12 15:43:01.021,3.0
-1.1296,-0.6316,-0.2737,28.595,-27.4734,-31.4941,2024-02-12 15:43:01.038,3.0
-0.9756,-0.4912,-0.3992,29.8309,-58.2275,-28.2745,2024-02-12 15:43:01.054,3.0
-0.6711,-0.1653,-0.4094,18.2648,-77.2095,-17.7917,2024-02-12 15:43:01.071,3.0
-0.4575,0.0835,-0.2209,-14.5035,-53.1387,-0.6027,2024-02-12 15:43:01.097,3.0
-0.4221,0.032,0.0193,-16.8304,5.1804,7.5455,2024-02-12 15:43:01.113,3.0
-0.7703,0.0754,-0.0776,-13.031,72.7692,-0.8163,2024-02-12 15:43:01.130,3.0
-1.218,0.0359,-0.0261,-11.1008,79.7119,4.2801,2024-02-12 15:43:01.154,3.0
-1.4246,-0.1316,0.009,1.4114,35.3928,26.4816,2024-02-12 15:43:01.162,3.0
-1.1321,-0.1956,-0.063,3.9215,-38.6429,49.6063,2024-02-12 15:43:01.187,3.0
-0.7786,-0.3149,-0.0991,7.7286,-60.1807,50.6058,2024-02-12 15:43:01.204,3.0
-0.5937,-0.3281,-0.0542,13.0844,-31.0898,53.8635,2024-02-12 15:43:01.229,3.0
-0.5486,-0.2454,0.1216,25.1617,7.0648,56.0989,2024-02-12 15:43:01.237,3.0
-0.6665,-0.1365,0.116,39.7263,29.2664,53.9322,2024-02-12 15:43:01.261,3.0
-0.7539,-0.0527,0.0894,46.4096,18.3334,53.4592,2024-02-12 15:43:01.277,3.0
-0.7812,-0.0225,0.0632,49.4843,-2.9907,52.2919,2024-02-12 15:43:01.302,3.0
-0.6819,0.0027,0.0813,50.1328,-18.7149,46.8063,2024-02-12 15:43:01.318,3.0
-0.5371,0.0957,0.1062,48.6603,-24.971,37.0102,2024-02-12 15:43:01.334,3.0
-0.4307,0.1633,0.1038,44.6091,-16.9601,22.8958,2024-02-12 15:43:01.350,3.0
-0.3552,0.1726,0.0789,39.0701,6.4774,7.0419,2024-02-12 15:43:01.379,3.0
-0.4456,0.1997,0.176,34.6146,24.6658,-3.8834,2024-02-12 15:43:01.396,3.0
-0.6077,0.1499,0.2437,29.7089,34.0042,-11.4822,2024-02-12 15:43:01.404,3.0
-0.7412,0.0684,0.2456,25.5051,26.6266,-13.8321,2024-02-12 15:43:01.426,3.0
-0.8223,0.0867,0.1965,22.4457,10.7803,-11.0779,2024-02-12 15:43:01.443,3.0
-0.8198,0.1443,0.0332,18.6615,9.0408,-5.1727,2024-02-12 15:43:01.467,3.0
-0.7825,0.1348,-0.1172,0.6866,16.0065,-3.4866,2024-02-12 15:43:01.475,3.0
-0.866,0.0884,0.0215,-9.819,49.5529,-6.6833,2024-02-12 15:43:01.491,3.0
-1.0769,-0.0464,0.2351,-10.5286,79.6967,-9.8267,2024-02-12 15:43:01.523,3.0
-1.1943,-0.0391,0.3772,3.5858,68.0389,-6.9504,2024-02-12 15:43:01.531,3.0
-1.1995,0.123,0.2883,18.2571,44.3344,1.2283,2024-02-12 15:43:01.556,3.0
-1.1953,0.1294,-0.1035,15.0146,56.3431,7.8506,2024-02-12 15:43:01.572,3.0
-1.5854,0.177,-0.0466,3.0441,74.4705,18.7454,2024-02-12 15:43:01.588,3.0
-1.4958,0.3794,-0.4639,-8.0566,16.571,56.9229,2024-02-12 15:43:01.605,3.0
-1.2568,0.3701,-0.7129,-35.1486,-32.753,55.9769,2024-02-12 15:43:01.630,3.0
-1.0042,0.0024,-0.5479,-52.8793,-76.7212,57.4722,2024-02-12 15:43:01.647,3.0
-0.593,-0.1946,-0.3254,-53.3447,-119.7433,46.608,2024-02-12 15:43:01.663,3.0
-0.3066,-0.3125,-0.0098,-42.3203,-118.0649,23.9029,2024-02-12 15:43:01.679,3.0
-0.1807,-0.261,0.2214,-16.0065,-67.1387,-7.8354,2024-02-12 15:43:01.696,3.0
-0.4263,-0.1543,0.084,11.3907,31.7001,-36.499,2024-02-12 15:43:01.712,3.0
-0.8635,-0.1094,-0.072,13.4811,82.634,-47.5311,2024-02-12 15:43:01.738,3.0
-1.2766,-0.0674,-0.2095,3.6011,86.1359,-40.1306,2024-02-12 15:43:01.754,3.0
-1.2397,-0.0793,-0.1562,-12.291,-9.5978,-46.3638,2024-02-12 15:43:01.770,3.0
-1.1306,0.0205,-0.0437,-6.5231,-93.8416,-41.1301,2024-02-12 15:43:01.794,3.0
-0.6755,0.1326,-0.1326,-11.322,-101.8524,-37.178,2024-02-12 15:43:01.811,3.0
-0.3872,0.0977,-0.0928,-20.4391,-74.2569,-45.8679,2024-02-12 15:43:01.827,3.0
-0.3437,0.0005,-0.009,-26.9241,-32.2952,-55.4581,2024-02-12 15:43:01.843,3.0
-0.5271,-0.0708,0.071,-32.1503,5.1575,-56.9763,2024-02-12 15:43:01.860,3.0
-0.7058,-0.1396,0.1509,-31.9061,19.2413,-50.3616,2024-02-12 15:43:01.884,3.0
-0.7859,-0.1934,0.1665,-27.6108,3.5324,-37.7121,2024-02-12 15:43:01.909,3.0
-0.7737,-0.1768,0.1787,-21.9955,-19.2032,-24.1165,2024-02-12 15:43:01.917,3.0
-0.625,-0.1201,0.1565,-19.0735,-29.7318,-10.9253,2024-02-12 15:43:01.933,3.0
-0.4915,-0.1035,0.2354,-18.7378,-14.0305,2.4872,2024-02-12 15:43:01.953,3.0
-0.4697,-0.0776,0.344,-15.2359,11.8942,14.9384,2024-02-12 15:43:01.976,3.0
-0.5549,-0.0879,0.3657,-6.6528,33.4244,26.8555,2024-02-12 15:43:02.000,3.0
-0.6589,-0.103,0.3599,1.77,39.1541,33.7067,2024-02-12 15:43:02.017,3.0
-0.7593,-0.2898,0.2751,8.3313,27.7176,26.2833,2024-02-12 15:43:02.033,3.0
-0.8999,-0.2703,0.03,4.9744,29.4189,3.3875,2024-02-12 15:43:02.049,3.0
-1.0151,-0.1001,-0.0845,11.9858,35.6522,-8.0338,2024-02-12 15:43:02.065,3.0
-0.9814,0.0635,0.0483,17.2119,33.638,-19.7601,2024-02-12 15:43:02.081,3.0
-1.0642,-0.0037,0.249,-1.9226,18.6691,-43.7088,2024-02-12 15:43:02.106,3.0
-1.1458,0.0605,0.4106,-10.3455,13.2751,-37.3535,2024-02-12 15:43:02.114,3.0
-0.9971,0.1299,0.291,-18.3487,-2.594,-26.6724,2024-02-12 15:43:02.139,3.0
-0.7893,-0.4207,0.0225,-44.3802,12.1994,-48.4314,2024-02-12 15:43:02.154,3.0
-1.3933,-0.1667,0.2319,-35.881,32.2952,-74.7452,2024-02-12 15:43:02.179,3.0
-1.5913,-0.4204,0.0933,-21.8506,-1.091,-34.935,2024-02-12 15:43:02.204,3.0
-1.2083,-0.5408,-0.1177,8.7204,-39.8941,-20.9656,2024-02-12 15:43:02.220,3.0
-0.8682,-0.5642,-0.4377,14.2365,-68.4509,-25.9781,2024-02-12 15:43:02.228,3.0
-0.5879,-0.23,-0.4653,-1.4954,-76.1871,-26.8478,2024-02-12 15:43:02.255,3.0
-0.3625,0.0957,-0.3062,-26.0162,-35.6216,-23.9334,2024-02-12 15:43:02.271,3.0
-0.4656,0.0132,-0.0012,-34.6222,29.2206,-23.5825,2024-02-12 15:43:02.287,3.0
-0.9419,0.0063,0.1306,-21.286,88.1653,-14.6713,2024-02-12 15:43:02.304,3.0
-1.4602,-0.0786,0.0242,-3.4485,90.9424,9.7961,2024-02-12 15:43:02.329,3.0
-1.5901,-0.2974,-0.0776,13.8168,35.2707,35.9955,2024-02-12 15:43:02.345,3.0
-1.3967,-0.3152,0.0378,15.2206,-45.8908,57.6172,2024-02-12 15:43:02.378,3.0
-0.9792,-0.3958,0.1021,26.9089,-91.713,59.021,2024-02-12 15:43:02.378,3.0
-0.6846,-0.387,0.0527,40.7333,-76.3931,60.9207,2024-02-12 15:43:02.394,3.0
-0.4111,-0.2266,-0.0039,53.0853,-32.7148,60.2417,2024-02-12 15:43:02.410,3.0
-0.4006,-0.0359,0.009,58.2733,2.4185,54.39,2024-02-12 15:43:02.434,3.0
-0.4783,0.0627,0.0017,61.554,20.3018,48.0881,2024-02-12 15:43:02.450,3.0
-0.561,0.0767,0.0042,60.2264,27.3132,41.5344,2024-02-12 15:43:02.466,3.0
-0.623,0.0591,0.0503,57.4875,25.2762,38.4369,2024-02-12 15:43:02.482,3.0
-0.5999,0.05,0.094,55.4733,19.2795,33.1726,2024-02-12 15:43:02.506,3.0
-0.5059,0.0808,0.0742,52.7115,14.1373,23.6282,2024-02-12 15:43:02.523,3.0
-0.4211,0.1414,0.0696,45.0897,14.7629,7.7972,2024-02-12 15:43:02.547,3.0
-0.4246,0.1768,0.1306,37.4374,24.8795,-5.8212,2024-02-12 15:43:02.556,3.0
-0.5193,0.1375,0.197,29.5639,35.8276,-18.9743,2024-02-12 15:43:02.580,3.0
-0.7004,0.0686,0.2205,23.3536,34.8892,-23.2925,2024-02-12 15:43:02.588,3.0
-0.845,0.146,0.1755,16.6626,20.1492,-18.4555,2024-02-12 15:43:02.612,3.0
-0.9617,0.3003,0.092,9.4299,6.5842,-6.6376,2024-02-12 15:43:02.628,3.0
-0.9417,0.178,-0.1423,-11.5356,1.3809,1.1749,2024-02-12 15:43:02.652,3.0
-0.8774,0.04,-0.0085,-27.0233,18.3411,-1.3351,2024-02-12 15:43:02.668,3.0
-1.0393,-0.0635,0.2656,-26.9241,48.9655,-2.6627,2024-02-12 15:43:02.685,3.0
-1.1174,-0.0908,0.4485,-10.8643,60.3943,1.0147,2024-02-12 15:43:02.700,3.0
-1.1235,-0.1045,0.4331,6.6986,39.5355,-0.7706,2024-02-12 15:43:02.725,3.0
-1.1411,0.0706,0.1013,24.3454,40.8096,2.9373,2024-02-12 15:43:02.738,3.0
-1.4758,-0.0681,-0.0381,16.861,69.5801,8.1558,2024-02-12 15:43:02.763,3.0
-1.6794,0.2642,-0.1562,22.5143,55.4123,43.9377,2024-02-12 15:43:02.771,3.0
-1.3076,0.363,-0.7327,-7.8812,-11.7493,60.9894,2024-02-12 15:43:02.793,3.0
-1.1575,0.2874,-0.7075,-29.0375,-54.306,63.8199,2024-02-12 15:43:02.817,3.0
-0.7268,-0.1167,-0.5186,-42.2821,-100.1816,72.0901,2024-02-12 15:43:02.826,3.0
-0.3354,-0.3972,-0.0803,-37.0483,-111.1984,52.5436,2024-02-12 15:43:02.851,3.0
-0.1069,-0.4282,0.2659,-1.7166,-68.5654,16.3574,2024-02-12 15:43:02.867,3.0
-0.3562,-0.2261,0.199,40.2527,32.7606,-23.5062,2024-02-12 15:43:02.885,3.0
-0.7041,-0.0908,-0.012,46.0968,88.9282,-46.6843,2024-02-12 15:43:02.901,3.0
-1.2339,0.0588,-0.2727,34.935,83.2138,-55.6564,2024-02-12 15:43:02.926,3.0
-1.5107,0.0996,-0.395,3.4637,23.9639,-51.0406,2024-02-12 15:43:02.934,3.0
-1.2659,-0.0122,-0.0186,2.7161,-98.6557,-41.1758,2024-02-12 15:43:02.958,3.0
-0.8262,0.0977,-0.0178,5.4398,-139.5645,-35.7132,2024-02-12 15:43:02.974,3.0
-0.4131,0.1326,-0.0791,-1.9455,-112.1368,-41.0461,2024-02-12 15:43:02.998,3.0
-0.196,0.0637,-0.0725,-10.6277,-67.1234,-52.5589,2024-02-12 15:43:03.006,3.0
-0.2656,-0.0552,0.0098,-20.2103,-20.3323,-62.1948,2024-02-12 15:43:03.031,3.0
-0.5154,-0.1182,0.1287,-26.2451,20.1645,-61.9736,2024-02-12 15:43:03.047,3.0
-0.7476,-0.1189,0.1721,-28.4576,32.4402,-53.1921,2024-02-12 15:43:03.064,3.0
-0.8418,-0.1174,0.1702,-27.1454,18.8675,-36.9186,2024-02-12 15:43:03.082,3.0
-0.7451,-0.1101,0.1592,-24.7803,-7.8125,-17.9291,2024-02-12 15:43:03.106,3.0
-0.5754,-0.1077,0.1382,-24.5209,-17.9291,-4.158,2024-02-12 15:43:03.122,3.0
-0.436,-0.0913,0.2163,-26.6647,5.9433,8.5068,2024-02-12 15:43:03.138,3.0
-0.5037,-0.0845,0.2932,-24.3225,35.1639,16.2048,2024-02-12 15:43:03.164,3.0
-0.676,-0.1028,0.3035,-17.2729,54.3594,23.3307,2024-02-12 15:43:03.180,3.0
-0.8953,-0.1443,0.2727,-8.461,50.7431,23.819,2024-02-12 15:43:03.204,3.0
-0.9763,-0.2798,0.1484,-10.3989,21.492,10.1776,2024-02-12 15:43:03.212,3.0
-1.0078,-0.2979,-0.0627,-8.1329,3.1738,-5.8441,2024-02-12 15:43:03.237,3.0
-1.002,-0.1008,-0.0056,2.4185,-3.0823,-12.0773,2024-02-12 15:43:03.253,3.0
-0.9497,-0.0198,0.1072,-6.1188,-2.1362,-27.3514,2024-02-12 15:43:03.269,3.0
-0.9919,-0.0022,0.3608,-21.8964,7.3013,-31.0593,2024-02-12 15:43:03.285,3.0
-0.9739,0.001,0.2925,-30.2963,17.5323,-30.1361,2024-02-12 15:43:03.310,3.0
-0.9832,-0.2297,0.0862,-46.4096,34.6603,-54.8782,2024-02-12 15:43:03.343,3.0
-1.3877,-0.1709,0.0974,-43.663,23.2468,-78.3463,2024-02-12 15:43:03.351,3.0
-1.5464,-0.5288,-0.0664,-48.0347,-14.8087,-66.2231,2024-02-12 15:43:03.359,3.0
-1.3667,-0.4614,-0.0337,-12.001,-43.0374,-61.5387,2024-02-12 15:43:03.375,3.0
-1.1133,-0.4534,-0.4041,0.3662,-81.4056,-46.4706,2024-02-12 15:43:03.391,3.0
-0.6377,-0.2686,-0.5623,-8.9569,-105.4688,-35.4462,2024-02-12 15:43:03.408,3.0
-0.3462,0.1221,-0.3979,-47.9279,-90.5838,-22.7966,2024-02-12 15:43:03.440,3.0
-0.2839,0.0032,0.0945,-58.815,-17.5705,-2.655,2024-02-12 15:43:03.452,3.0
-0.6206,-0.0796,0.1477,-42.9001,78.3691,6.6223,2024-02-12 15:43:03.468,3.0
-1.1411,-0.0337,0.0459,-41.1224,125.824,-0.473,2024-02-12 15:43:03.484,3.0
-1.6606,-0.1951,0.0381,-25.3525,93.8568,13.1378,2024-02-12 15:43:03.500,3.0
-1.7639,-0.3369,-0.0337,-12.3215,6.279,47.1725,2024-02-12 15:43:03.517,3.0
-1.1853,-0.3196,0.0271,-1.709,-90.1871,66.8793,2024-02-12 15:43:03.541,3.0
-0.7302,-0.3354,0.0439,7.1716,-100.1129,64.621,2024-02-12 15:43:03.566,3.0
-0.4231,-0.302,0.1094,21.9498,-54.5807,61.5845,2024-02-12 15:43:03.574,3.0
-0.3499,-0.1924,0.0012,34.9731,0.7553,55.954,2024-02-12 15:43:03.590,3.0
-0.4998,-0.0364,0.084,37.3001,31.868,50.5753,2024-02-12 15:43:03.614,3.0
-0.6292,0.0325,0.1055,38.6276,38.8412,41.3055,2024-02-12 15:43:03.631,3.0
-0.7092,0.0244,0.0854,39.8941,29.8386,36.232,2024-02-12 15:43:03.647,3.0
-0.6926,0.022,0.061,39.5432,12.0392,33.844,2024-02-12 15:43:03.663,3.0
-0.5608,0.0725,0.0503,36.3998,-0.9918,28.3356,2024-02-12 15:43:03.689,3.0
-0.4238,0.1274,0.075,28.8467,-0.6561,19.0659,2024-02-12 15:43:03.706,3.0
-0.3955,0.177,0.1289,21.637,13.7863,7.8735,2024-02-12 15:43:03.723,3.0
-0.4465,0.1824,0.1885,16.7313,33.1345,-1.9989,2024-02-12 15:43:03.731,3.0
-0.5552,0.1482,0.2222,14.0228,43.1442,-10.231,2024-02-12 15:43:03.755,3.0
-0.7092,0.085,0.1416,9.2621,37.7121,-14.8163,2024-02-12 15:43:03.780,3.0
-0.8196,0.0847,0.0378,3.0365,24.0021,-13.5803,2024-02-12 15:43:03.788,3.0
-0.8335,0.0769,-0.0427,-6.012,13.0692,-9.6283,2024-02-12 15:43:03.804,3.0
-0.8608,0.0295,-0.0969,-19.1879,18.9209,-9.2239,2024-02-12 15:43:03.828,3.0
-1.0317,0.0498,-0.0383,-27.2064,55.069,-0.4654,2024-02-12 15:43:03.844,3.0
-1.1462,0.0481,0.1794,-31.6238,69.3817,4.3793,2024-02-12 15:43:03.860,3.0
-1.2349,-0.0645,0.3386,-19.9966,45.0821,0.9537,2024-02-12 15:43:03.877,3.0
-1.2524,-0.1138,0.4143,-4.7379,14.1449,5.3864,2024-02-12 15:43:03.901,3.0
-1.137,0.04,0.2629,16.2735,10.0632,12.8403,2024-02-12 15:43:03.909,3.0
-1.251,0.0054,-0.0044,14.6637,34.0576,14.5416,2024-02-12 15:43:03.933,3.0
-1.4614,0.2363,-0.1624,11.055,25.0168,37.1933,2024-02-12 15:43:03.949,3.0
-1.2173,0.3184,-0.6089,-2.3499,-12.9852,52.6428,2024-02-12 15:43:03.974,3.0
-1.0525,0.3367,-0.6824,-27.4811,-42.6331,54.6417,2024-02-12 15:43:03.990,3.0
-0.8372,-0.0234,-0.4243,-42.4881,-75.8514,60.6461,2024-02-12 15:43:04.006,3.0
-0.5017,-0.3225,-0.1008,-41.1835,-106.4453,52.1927,2024-02-12 15:43:04.022,3.0
-0.2151,-0.3831,0.0969,-16.5253,-89.3402,29.5334,2024-02-12 15:43:04.038,3.0
-0.3071,-0.2607,0.1023,17.4026,2.1439,-2.449,2024-02-12 15:43:04.062,3.0
-0.6436,-0.1196,-0.0984,28.8925,77.5375,-22.5983,2024-02-12 15:43:04.079,3.0
-1.0754,0.0583,-0.251,21.7743,93.6966,-27.4429,2024-02-12 15:43:04.096,3.0
-1.2659,0.0623,-0.3608,-8.522,40.6723,-33.8821,2024-02-12 15:43:04.121,3.0
-1.2651,0.0486,-0.0686,-15.7013,-56.7474,-43.2053,2024-02-12 15:43:04.130,3.0
-1.0339,0.0972,-0.0876,-12.2528,-116.5771,-35.3928,2024-02-12 15:43:04.146,3.0
-0.5732,0.1389,-0.0977,-18.9896,-116.6611,-38.5208,2024-02-12 15:43:04.171,3.0
-0.3003,0.0867,-0.0601,-28.9001,-85.6628,-50.8957,2024-02-12 15:43:04.187,3.0
-0.28,-0.0208,0.0083,-35.8047,-34.4849,-60.9894,2024-02-12 15:43:04.212,3.0
-0.4832,-0.0786,0.072,-39.3066,31.2729,-65.361,2024-02-12 15:43:04.222,3.0
-0.7415,-0.0754,0.1157,-40.5273,44.9142,-62.3093,2024-02-12 15:43:04.247,3.0
-0.9219,-0.1008,0.1116,-37.5519,12.9166,-47.5769,2024-02-12 15:43:04.263,3.0
-0.8474,-0.1023,0.1472,-33.0353,-18.4402,-27.3285,2024-02-12 15:43:04.280,3.0
-0.6484,-0.1001,0.1924,-28.389,-20.9198,-12.0316,2024-02-12 15:43:04.297,3.0
-0.4968,-0.176,0.2278,-22.6974,4.3259,-1.2741,2024-02-12 15:43:04.314,3.0
-0.5022,-0.1882,0.2688,-16.9449,26.3901,7.5989,2024-02-12 15:43:04.338,3.0
-0.5889,-0.1721,0.2935,-11.5433,41.954,15.6021,2024-02-12 15:43:04.362,3.0
-0.7551,-0.1848,0.322,-1.3275,53.7415,23.4375,2024-02-12 15:43:04.370,3.0
-0.8918,-0.2083,0.2935,9.1171,47.5922,26.0696,2024-02-12 15:43:04.386,3.0
-0.9756,-0.282,0.2454,14.4196,17.7002,16.9907,2024-02-12 15:43:04.410,3.0
-0.9971,-0.2363,0.0427,16.6473,-4.631,2.7008,2024-02-12 15:43:04.426,3.0
-0.9888,0.041,-0.0181,16.6779,-13.3286,-0.1602,2024-02-12 15:43:04.442,3.0
-0.8745,0.1252,0.0701,9.1553,-1.0147,-16.3345,2024-02-12 15:43:04.458,3.0
-0.9399,0.0852,0.2549,-11.1618,14.9689,-27.2141,2024-02-12 15:43:04.482,3.0
-0.9646,0.175,0.3115,-20.4468,19.5313,-24.1165,2024-02-12 15:43:04.499,3.0
-0.843,0.0044,0.0654,-38.6047,22.11,-24.9634,2024-02-12 15:43:04.523,3.0
-0.907,-0.2144,0.0239,-61.8744,43.3502,-58.0368,2024-02-12 15:43:04.542,3.0
-1.4036,-0.2021,0.155,-56.2439,42.0532,-78.2394,2024-02-12 15:43:04.550,3.0
-1.4314,-0.676,0.0735,-36.2091,19.1498,-56.8161,2024-02-12 15:43:04.574,3.0
-1.2505,-0.7471,-0.0942,11.1694,-24.1699,-49.5453,2024-02-12 15:43:04.591,3.0
-0.9736,-0.6267,-0.3613,26.5656,-64.9109,-41.6107,2024-02-12 15:43:04.607,3.0
-0.6465,-0.178,-0.4917,16.6931,-84.816,-34.6756,2024-02-12 15:43:04.623,3.0
-0.4958,0.0564,-0.3037,-16.2659,-62.1033,-12.2147,2024-02-12 15:43:04.639,3.0
-0.4673,-0.0476,0.1013,-18.4097,-17.54,3.4561,2024-02-12 15:43:04.664,3.0
-0.7012,-0.0945,0.0964,3.479,50.7126,6.4087,2024-02-12 15:43:04.681,3.0
-1.2422,-0.0293,-0.0042,9.7504,79.3915,3.4256,2024-02-12 15:43:04.698,3.0
-1.5381,-0.1482,-0.0364,23.2315,39.5279,26.3748,2024-02-12 15:43:04.722,3.0
-1.2651,-0.1482,-0.1482,28.7323,-25.9094,51.7731,2024-02-12 15:43:04.731,3.0
-0.9026,-0.248,-0.1238,25.0244,-66.3528,56.7474,2024-02-12 15:43:04.756,3.0
-0.5781,-0.321,-0.0427,29.6936,-48.6984,57.251,2024-02-12 15:43:04.772,3.0
-0.4517,-0.2463,0.0671,40.2908,-1.9684,59.0973,2024-02-12 15:43:04.789,3.0
-0.5178,-0.1453,0.0579,47.1039,31.1661,57.4646,2024-02-12 15:43:04.805,3.0
-0.6575,-0.0896,0.0559,49.8505,37.59,53.093,2024-02-12 15:43:04.821,3.0
-0.8025,-0.0552,0.1064,53.9627,15.213,49.8734,2024-02-12 15:43:04.846,3.0
-0.761,-0.0503,0.1023,57.9529,-9.2163,50.7812,2024-02-12 15:43:04.862,3.0
-0.6182,0.002,0.1416,59.5856,-27.832,46.0434,2024-02-12 15:43:04.878,3.0
-0.4185,0.074,0.0852,58.7311,-25.5356,33.7448,2024-02-12 15:43:04.894,3.0
-0.3079,0.0913,0.0588,54.2145,-1.7242,16.7618,2024-02-12 15:43:04.918,3.0
-0.3401,0.1147,0.1189,50.0717,27.626,0.1144,2024-02-12 15:43:04.934,3.0
-0.479,0.1289,0.2048,44.8303,49.9115,-13.3057,2024-02-12 15:43:04.959,3.0
-0.6228,0.1099,0.2183,39.8636,51.8494,-21.9345,2024-02-12 15:43:04.967,3.0
-0.8389,0.0952,0.2271,35.8276,37.7121,-21.7438,2024-02-12 15:43:04.991,3.0
-0.9817,0.1675,0.0469,31.1127,20.1416,-8.9874,2024-02-12 15:43:05.008,3.0
-0.9226,0.1633,-0.1746,15.2435,5.3635,1.4038,2024-02-12 15:43:05.024,3.0
-0.9448,0.1445,-0.0747,-4.6616,5.3787,1.6403,2024-02-12 15:43:05.040,3.0
-1.0491,0.0598,0.0701,-11.795,33.4015,7.5302,2024-02-12 15:43:05.064,3.0
-1.0525,0.1023,0.2124,-12.8479,38.7497,11.3678,2024-02-12 15:43:05.073,3.0
-1.072,0.1807,0.3025,-8.728,32.6385,2.9678,2024-02-12 15:43:05.097,3.0
-1.2202,0.2078,0.0571,-8.0566,50.3922,4.4937,2024-02-12 15:43:05.122,3.0
-1.5117,0.1025,0.0291,-16.983,70.2209,13.7711,2024-02-12 15:43:05.131,3.0
-1.6687,0.1987,-0.1851,-19.2947,42.7094,41.748,2024-02-12 15:43:05.155,3.0
-1.3848,0.2639,-0.5415,-38.7192,-13.3896,58.4717,2024-02-12 15:43:05.171,3.0
-1.0881,0.1289,-0.458,-56.2515,-70.4575,58.8989,2024-02-12 15:43:05.179,3.0
-0.7366,-0.0029,-0.3394,-49.0646,-91.7435,60.3333,2024-02-12 15:43:05.229,3.0
-0.438,-0.2446,-0.2466,-45.105,-97.1146,47.5388,2024-02-12 15:43:05.237,3.0
-0.2187,-0.3303,-0.0227,-36.6745,-88.1653,23.9487,2024-02-12 15:43:05.237,3.0
-0.2346,-0.3599,0.2019,-9.9869,-21.3394,-9.5749,2024-02-12 15:43:05.254,3.0
-0.5308,-0.344,0.1082,18.0283,74.8138,-34.4391,2024-02-12 15:43:05.278,3.0
-1.0884,-0.1719,-0.1768,26.619,128.9673,-44.3039,2024-02-12 15:43:05.294,3.0
-1.3721,0.0469,-0.3955,8.4763,93.689,-40.7028,2024-02-12 15:43:05.311,3.0
-1.3806,0.1204,-0.0933,-12.0392,-47.287,-40.657,2024-02-12 15:43:05.327,3.0
-1.1064,0.0791,-0.0081,-4.5853,-117.3935,-28.6865,2024-02-12 15:43:05.343,3.0
-0.6436,0.0869,-0.0923,-5.1422,-113.1973,-29.1748,2024-02-12 15:43:05.362,3.0
-0.3296,-0.0239,-0.0378,-11.9019,-67.5812,-41.5039,2024-02-12 15:43:05.411,3.0
-0.3206,-0.1248,0.0037,-17.4866,-24.0707,-51.4069,2024-02-12 15:43:05.419,3.0
-0.4619,-0.1714,0.0818,-19.4321,9.4223,-53.8712,2024-02-12 15:43:05.419,3.0
-0.6509,-0.1711,0.1196,-19.5007,26.4816,-50.6287,2024-02-12 15:43:05.436,3.0
-0.7585,-0.114,0.094,-20.3247,11.6653,-42.5186,2024-02-12 15:43:05.456,3.0
-0.7239,-0.1062,0.0889,-22.1786,-10.7117,-31.0059,2024-02-12 15:43:05.480,3.0
-0.5916,-0.0911,0.1011,-23.7122,-17.2653,-18.8675,2024-02-12 15:43:05.488,3.0
-0.4836,-0.0845,0.1064,-25.5356,5.3711,-7.9727,2024-02-12 15:43:05.563,3.0
-0.5349,-0.1133,0.2312,-26.2985,31.9748,0.3586,2024-02-12 15:43:05.563,3.0
-0.6284,-0.0894,0.2559,-24.498,44.6701,12.2452,2024-02-12 15:43:05.563,3.0
-0.7412,-0.0701,0.2991,-18.6996,42.2745,25.9933,2024-02-12 15:43:05.563,3.0
-0.8105,-0.1191,0.2537,-9.3307,33.7906,37.7579,2024-02-12 15:43:05.579,3.0
-0.8391,-0.2363,0.1663,-4.921,21.6217,36.7813,2024-02-12 15:43:05.595,3.0
-0.8347,-0.3311,-0.01,-2.8915,14.9002,15.007,2024-02-12 15:43:05.611,3.0
-1.0559,-0.1011,0.0435,5.7297,8.9798,-4.6463,2024-02-12 15:43:05.635,3.0
-0.9631,-0.093,0.1404,16.7007,-6.3324,-23.1705,2024-02-12 15:43:05.652,3.0
-1.0042,-0.1584,0.3508,2.8687,-18.6234,-40.3366,2024-02-12 15:43:05.677,3.0
-0.9768,-0.0923,0.4561,2.3804,-8.6212,-39.0472,2024-02-12 15:43:05.726,3.0
-0.8738,-0.0444,0.1599,-0.7248,12.2375,-34.3323,2024-02-12 15:43:05.734,3.0
-0.8296,-0.2944,0.0093,-18.364,32.9056,-53.2532,2024-02-12 15:43:05.742,3.0
-1.2222,-0.1843,0.2317,-11.8256,36.5601,-78.0182,2024-02-12 15:43:05.742,3.0
-1.4758,-0.4016,0.0508,-12.001,11.0245,-75.386,2024-02-12 15:43:05.750,3.0
-1.4749,-0.5164,0.0735,35.614,-20.1797,-63.0112,2024-02-12 15:43:05.782,3.0
-1.2566,-0.5044,-0.3242,53.7949,-62.1948,-40.2679,2024-02-12 15:43:05.799,3.0
-0.7834,-0.2756,-0.3955,32.9742,-99.1211,-23.3154,2024-02-12 15:43:05.815,3.0
-0.5093,0.0083,-0.3386,5.8517,-89.5996,-4.8676,2024-02-12 15:43:05.863,3.0
-0.2898,0.0273,-0.1599,-4.0436,-34.3246,10.2386,2024-02-12 15:43:05.863,3.0
-0.4512,0.0676,-0.0981,-6.8359,42.5797,-1.1292,2024-02-12 15:43:05.871,3.0
-1.1001,0.1682,-0.012,-11.116,107.9559,-4.5776,2024-02-12 15:43:05.887,3.0
-1.5332,-0.0745,0.0645,6.2943,92.2623,20.5383,2024-02-12 15:43:05.903,3.0
-1.4436,-0.1875,-0.1047,13.1302,18.5699,47.0123,2024-02-12 15:43:05.919,3.0
-1.1023,-0.2275,-0.0691,8.4305,-50.6592,55.2826,2024-02-12 15:43:05.935,3.0
-0.7913,-0.3188,-0.0325,14.6866,-58.7769,56.4423,2024-02-12 15:43:05.960,3.0
-0.5437,-0.2822,-0.0215,21.9955,-24.826,58.5937,2024-02-12 15:43:05.976,3.0
-0.5369,-0.1631,0.0469,28.6713,5.7373,54.5959,2024-02-12 15:43:06.027,3.0
-0.657,-0.0769,0.0781,32.9742,15.3351,49.9039,2024-02-12 15:43:06.035,3.0
-0.752,-0.01,0.0398,37.2009,6.813,49.4919,2024-02-12 15:43:06.035,3.0
-0.7214,0.0193,0.0696,39.0091,-12.6343,48.2788,2024-02-12 15:43:06.043,3.0
-0.5854,0.0151,0.0732,40.4282,-31.929,40.6036,2024-02-12 15:43:06.059,3.0
-0.4534,0.0378,0.0845,39.711,-35.6216,30.9372,2024-02-12 15:43:06.079,3.0
-0.3154,0.0754,0.074,38.3224,-22.4915,15.7166,2024-02-12 15:43:06.103,3.0
-0.2671,0.1086,0.1196,36.0641,-0.4578,-0.8316,2024-02-12 15:43:06.111,3.0
-0.3501,0.1128,0.2183,35.8658,24.6048,-15.3351,2024-02-12 15:43:06.168,3.0
-0.4868,0.104,0.2795,34.9045,38.4903,-23.5138,2024-02-12 15:43:06.168,3.0
-0.624,0.0691,0.3069,34.3628,40.3671,-29.2969,2024-02-12 15:43:06.168,3.0
-0.7844,0.0513,0.2507,35.1715,34.6451,-29.5639,2024-02-12 15:43:06.184,3.0
-0.8723,0.124,0.0513,33.7677,21.6522,-22.4762,2024-02-12 15:43:06.200,3.0
-0.812,0.1611,-0.3091,6.2561,10.2539,-19.5007,2024-02-12 15:43:06.217,3.0
-0.9514,0.0176,-0.1277,-20.0806,47.9584,-24.3607,2024-02-12 15:43:06.241,3.0
-1.2192,0.0608,0.3794,-10.2234,92.9031,-13.7482,2024-02-12 15:43:06.257,3.0
-1.3074,0.0869,0.4009,8.8348,83.7173,-4.0436,2024-02-12 15:43:06.273,3.0
-1.2795,0.198,0.147,10.3226,52.5513,7.3853,2024-02-12 15:43:06.293,3.0
-1.3115,0.0964,0.0215,3.3264,59.906,16.8381,2024-02-12 15:43:06.342,3.0
-1.4902,0.0334,0.1267,3.8681,54.184,26.1917,2024-02-12 15:43:06.342,3.0
-1.4136,0.2588,-0.4216,5.1422,25.383,48.6221,2024-02-12 15:43:06.342,3.0
-1.2471,0.4321,-0.6821,-23.3154,-3.8834,54.0085,2024-02-12 15:43:06.358,3.0
-1.1689,0.0762,-0.5171,-40.4968,-30.6931,68.8095,2024-02-12 15:43:06.382,3.0
-0.8184,-0.2083,-0.324,-39.5203,-81.543,58.7387,2024-02-12 15:43:06.399,3.0
-0.4556,-0.4131,-0.1187,-25.5203,-128.624,35.5988,2024-02-12 15:43:06.423,3.0
-0.1821,-0.3428,0.0784,-9.1324,-118.5684,7.2937,2024-02-12 15:43:06.478,3.0
-0.219,-0.2344,0.1428,11.8561,-27.9388,-23.3841,2024-02-12 15:43:06.478,3.0
-0.4924,-0.1404,0.0562,24.0631,66.8793,-45.0592,2024-02-12 15:43:06.478,3.0
-0.9517,0.0188,-0.2107,18.5852,112.3886,-53.0548,2024-02-12 15:43:06.486,3.0
-1.3389,0.1768,-0.4565,-23.6206,69.7098,-43.457,2024-02-12 15:43:06.510,3.0
-1.2639,0.0972,-0.1611,-38.2538,-77.6291,-41.2064,2024-02-12 15:43:06.534,3.0
-0.9336,0.1331,-0.1211,-41.2598,-125.5188,-29.4342,2024-02-12 15:43:06.550,3.0
-0.4478,0.0818,-0.1304,-49.7055,-108.902,-32.1732,2024-02-12 15:43:06.568,3.0
-0.2463,-0.0491,-0.1458,-58.6014,-68.718,-43.9682,2024-02-12 15:43:06.584,3.0
-0.269,-0.1807,-0.126,-71.1136,-15.3046,-57.9834,2024-02-12 15:43:06.649,3.0
-0.5454,-0.2097,-0.0339,-79.1855,27.5192,-60.6537,2024-02-12 15:43:06.649,3.0
-0.7627,-0.1492,0.0005,-83.4427,46.7606,-58.7082,2024-02-12 15:43:06.649,3.0
-0.9329,-0.0779,-0.0095,-87.471,30.6778,-52.6657,2024-02-12 15:43:06.657,3.0
-0.9507,-0.0483,-0.0283,-90.9119,-1.9913,-37.4222,2024-02-12 15:43:06.673,3.0
-0.8062,-0.0303,0.0071,-93.2312,-26.9089,-18.0283,2024-02-12 15:43:06.689,3.0
-0.5684,-0.0503,0.0544,-94.0704,-21.2784,-5.0659,2024-02-12 15:43:06.708,3.0
-0.4424,-0.137,0.1106,-89.2487,9.6359,0.5341,2024-02-12 15:43:06.732,3.0
-0.5037,-0.197,0.1777,-83.3359,39.6729,3.4103,2024-02-12 15:43:06.781,3.0
-0.6907,-0.2603,0.2678,-70.816,61.6226,8.0185,2024-02-12 15:43:06.781,3.0
-0.856,-0.2791,0.2566,-56.0226,72.5555,12.1002,2024-02-12 15:43:06.781,3.0
-0.9834,-0.2317,0.251,-43.0527,63.5681,12.9852,2024-02-12 15:43:06.800,3.0
-1.0215,-0.2949,0.1841,-36.7813,31.8909,8.5373,2024-02-12 15:43:06.816,3.0
-1.0129,-0.2598,0.0066,-29.6783,5.0659,-0.3052,2024-02-12 15:43:06.832,3.0
-0.9521,-0.116,-0.1267,-26.6876,-9.3002,-2.4033,2024-02-12 15:43:06.848,3.0
-0.8379,-0.1248,-0.0142,-20.195,-1.9302,-16.8152,2024-02-12 15:43:06.872,3.0
-0.9312,-0.155,0.2864,-20.3247,4.4708,-26.5961,2024-02-12 15:43:06.898,3.0
-0.9985,-0.0657,0.2756,-22.0795,4.1885,-25.9247,2024-02-12 15:43:06.908,3.0
-0.95,-0.0876,0.1047,-29.5944,11.9705,-32.4554,2024-02-12 15:43:06.958,3.0
-1.0386,-0.0278,0.0845,-28.5721,18.1351,-59.761,2024-02-12 15:43:06.966,3.0
-1.1792,-0.2053,-0.0608,-35.347,-3.9368,-75.6531,2024-02-12 15:43:06.966,3.0
-1.2468,-0.4565,-0.1125,-28.0685,-17.9901,-72.4869,2024-02-12 15:43:06.974,3.0
-1.3013,-0.2771,-0.2776,-12.6801,-41.8625,-53.1311,2024-02-12 15:43:06.991,3.0
-0.9648,-0.1416,-0.4297,-23.9563,-66.7648,-32.1732,2024-02-12 15:43:07.015,3.0
-0.6406,0.0791,-0.4687,-39.032,-71.7621,-27.3819,2024-02-12 15:43:07.032,3.0
-0.5037,0.1572,-0.4111,-59.227,-45.1584,-8.3847,2024-02-12 15:43:07.057,3.0
-0.5071,0.0588,-0.2451,-79.5593,3.7689,8.7585,2024-02-12 15:43:07.073,3.0
-0.6848,0.0786,-0.0266,-95.3979,48.6603,17.7841,2024-02-12 15:43:07.083,3.0
-0.8582,-0.0286,0.0007,-95.5811,63.9648,14.6179,2024-02-12 15:43:07.113,3.0
-1.1069,-0.074,-0.1545,-95.9091,55.2292,1.564,2024-02-12 15:43:07.121,3.0
-1.2988,-0.1377,-0.1555,-91.7282,12.2299,10.2997,2024-02-12 15:43:07.146,3.0
-1.251,-0.1611,-0.1052,-85.5865,-23.262,24.498,2024-02-12 15:43:07.163,3.0
-1.0413,-0.1741,-0.1257,-75.5081,-39.7415,37.7579,2024-02-12 15:43:07.179,3.0
-0.8015,-0.1301,-0.2017,-71.6553,-35.141,43.3731,2024-02-12 15:43:07.203,3.0
-0.6699,-0.0718,-0.1174,-71.1746,-23.3917,39.3906,2024-02-12 15:43:07.222,3.0
-0.6792,-0.0881,-0.0178,-64.8956,-10.9634,35.5377,2024-02-12 15:43:07.231,3.0
-0.6821,-0.0859,0.0122,-54.1611,-13.71,31.105,2024-02-12 15:43:07.248,3.0
-0.6382,-0.0334,0.02,-48.1186,-22.1252,25.2914,2024-02-12 15:43:07.272,3.0
-0.574,0.0356,0.031,-44.6854,-28.1982,18.4479,2024-02-12 15:43:07.288,3.0
-0.5066,0.1106,0.0596,-40.5045,-20.8969,11.1008,2024-02-12 15:43:07.304,3.0
-0.4832,0.116,0.0635,-37.8876,-9.5749,4.6082,2024-02-12 15:43:07.320,3.0
-0.4949,0.1257,0.1248,-35.1486,-2.5864,-0.1068,2024-02-12 15:43:07.337,3.0
-0.4907,0.1177,0.1765,-32.9056,3.006,-7.2937,2024-02-12 15:43:07.362,3.0
-0.573,0.0618,0.3213,-29.0604,6.0501,-17.9672,2024-02-12 15:43:07.378,3.0
-0.7078,0.0164,0.3093,-21.492,3.418,-20.607,2024-02-12 15:43:07.403,3.0
-0.7527,0.0359,0.1831,-18.6539,-5.8746,-17.2043,2024-02-12 15:43:07.419,3.0
-0.6907,0.0457,-0.0581,-23.4299,-13.7634,-13.0539,2024-02-12 15:43:07.435,3.0
-0.7053,0.0042,-0.123,-33.5159,-0.0992,-14.6103,2024-02-12 15:43:07.451,3.0
-0.9209,0.0054,-0.0176,-38.4216,51.8265,-14.7934,2024-02-12 15:43:07.467,3.0
-1.1858,0.0645,0.3486,-29.0527,72.3877,-4.0436,2024-02-12 15:43:07.492,3.0
-1.2881,0.0054,0.415,-7.1945,44.0369,10.1776,2024-02-12 15:43:07.508,3.0
-1.2261,-0.0566,0.0876,6.1111,39.5813,19.722,2024-02-12 15:43:07.524,3.0
-1.3574,0.1062,-0.0298,11.6959,59.4559,25.6653,2024-02-12 15:43:07.548,3.0
-1.3342,0.374,-0.5254,-1.8539,40.7867,43.2663,2024-02-12 15:43:07.565,3.0
-1.4832,0.6135,-0.926,-25.1846,37.7121,65.361,2024-02-12 15:43:07.581,3.0
-1.2148,0.1743,-1.0786,-66.8182,-9.8648,75.2945,2024-02-12 15:43:07.598,3.0
-0.8555,-0.3401,-0.6189,-88.1577,-99.2813,53.1616,2024-02-12 15:43:07.622,3.0
-0.5469,-0.3574,0.0029,-59.3491,-135.025,20.4086,2024-02-12 15:43:07.630,3.0
-0.2788,-0.2002,0.1963,-21.286,-106.1401,-11.7569,2024-02-12 15:43:07.654,3.0
-0.3572,-0.1042,0.0071,-12.4969,-33.5159,-43.9987,2024-02-12 15:43:07.670,3.0
-0.6772,-0.136,-0.2671,-13.6414,42.7399,-58.6014,2024-02-12 15:43:07.695,3.0
-1.1047,-0.0613,-0.293,-23.7732,73.2651,-55.6259,2024-02-12 15:43:07.711,3.0
-1.2422,0.1152,-0.4534,-52.6428,16.3345,-54.7409,2024-02-12 15:43:07.728,3.0
-1.0891,0.0803,-0.2432,-69.519,-83.7097,-44.5099,2024-02-12 15:43:07.746,3.0
-0.7302,0.0994,-0.1501,-74.5468,-115.7074,-31.9366,2024-02-12 15:43:07.763,3.0
-0.4065,0.1587,-0.126,-81.0089,-72.1359,-33.5541,2024-02-12 15:43:07.779,3.0
-0.3132,0.051,-0.1716,-89.8819,-20.4468,-42.9306,2024-02-12 15:43:07.803,3.0
-0.488,-0.0842,-0.064,-101.4404,21.3318,-52.3987,2024-02-12 15:43:07.811,3.0
-0.6807,-0.1616,-0.0508,-108.8562,43.4799,-55.5344,2024-02-12 15:43:07.839,3.0
-0.9072,-0.1401,0.0227,-110.5042,30.9982,-49.1943,2024-02-12 15:43:07.855,3.0
-0.9421,-0.0996,0.0227,-109.7031,-4.1275,-36.4304,2024-02-12 15:43:07.871,3.0
-0.7722,-0.0605,-0.0107,-108.2153,-29.3121,-24.1623,2024-02-12 15:43:07.887,3.0
-0.6296,-0.0735,0.0125,-108.2458,-27.3285,-15.3046,2024-02-12 15:43:07.904,3.0
-0.5803,-0.1833,0.0642,-107.2006,1.2741,-8.0566,2024-02-12 15:43:07.929,3.0
-0.6318,-0.3809,0.1765,-101.5625,22.0413,-2.4338,2024-02-12 15:43:07.947,3.0
-0.8232,-0.2498,0.3411,-74.9435,21.5759,2.6779,2024-02-12 15:43:07.964,3.0
-1.0022,-0.2212,0.3381,-63.0875,-1.709,13.4583,2024-02-12 15:43:07.980,3.0
-0.946,-0.2588,0.2856,-48.3322,-24.1776,22.6898,2024-02-12 15:43:07.997,3.0
-0.8066,-0.3152,0.2065,-40.3671,-38.5513,15.9378,2024-02-12 15:43:08.031,3.0
-0.7559,-0.1609,0.075,-35.8429,-35.5225,1.8158,2024-02-12 15:43:08.039,3.0
-0.7109,-0.1128,0.0327,-31.0593,-25.65,-3.479,2024-02-12 15:43:08.047,3.0
-0.6978,-0.0286,0.0798,-23.2315,-5.2948,-18.5089,2024-02-12 15:43:08.070,3.0
-0.8149,0.0132,0.3035,-31.7001,10.5438,-31.395,2024-02-12 15:43:08.095,3.0
-0.9822,0.0459,0.3755,-34.8816,17.8528,-30.5023,2024-02-12 15:43:08.119,3.0
-1.0256,0.0566,0.3076,-41.5039,9.3842,-17.9977,2024-02-12 15:43:08.128,3.0
-0.863,-0.0703,0.1631,-55.2216,-14.5111,-10.7727,2024-02-12 15:43:08.144,3.0
-0.7605,-0.3665,0.0642,-63.7741,4.2343,-25.3143,2024-02-12 15:43:08.160,3.0
-1.1111,-0.2187,0.2458,-52.4063,42.1295,-47.0581,2024-02-12 15:43:08.180,3.0
-1.2742,-0.4885,0.0044,-34.9426,32.1274,-50.7126,2024-02-12 15:43:08.196,3.0
-1.2979,-0.446,-0.1665,-8.1482,5.6992,-57.1442,2024-02-12 15:43:08.229,3.0
-1.2344,-0.4001,-0.3362,1.6174,-30.8762,-57.2891,2024-02-12 15:43:08.248,3.0
-1.0696,-0.2439,-0.3538,-14.7324,-68.2449,-36.499,2024-02-12 15:43:08.256,3.0
-0.6729,-0.1763,-0.2878,-33.638,-84.7549,-0.1984,2024-02-12 15:43:08.281,3.0
-0.3652,-0.0156,-0.2874,-46.3104,-45.3873,12.3825,2024-02-12 15:43:08.295,3.0
-0.5107,0.1721,-0.176,-59.5169,27.1454,6.691,2024-02-12 15:43:08.303,3.0
-1.0103,0.2783,0.0071,-57.4722,81.2531,10.3302,2024-02-12 15:43:08.327,3.0
-1.3079,0.0994,-0.1379,-51.3916,75.1419,18.7378,2024-02-12 15:43:08.352,3.0
-1.303,-0.1057,-0.218,-59.6466,15.5334,31.6772,2024-02-12 15:43:08.368,3.0
-1.0674,-0.2651,-0.0129,-60.8139,-50.3235,38.8184,2024-02-12 15:43:08.384,3.0
-0.8762,-0.3164,-0.0024,-49.9496,-62.8891,46.3181,2024-02-12 15:43:08.400,3.0
-0.6204,-0.2537,-0.0334,-42.1677,-29.9377,52.2842,2024-02-12 15:43:08.424,3.0
-0.5498,-0.1582,-0.0337,-37.056,2.9678,49.9878,2024-02-12 15:43:08.432,3.0
-0.647,-0.0605,0.043,-32.7682,19.0048,44.136,2024-02-12 15:43:08.457,3.0
-0.7317,-0.0254,0.0808,-26.7944,10.6812,42.717,2024-02-12 15:43:08.481,3.0
-0.6895,-0.0112,0.0981,-21.286,-7.4539,41.069,2024-02-12 15:43:08.498,3.0
-0.6084,-0.0168,0.0937,-15.5106,-13.1149,37.5748,2024-02-12 15:43:08.514,3.0
-0.5095,0.0005,0.0559,-10.4904,-7.2327,30.6168,2024-02-12 15:43:08.539,3.0
-0.4568,0.0281,0.0537,-8.4076,5.7831,19.7906,2024-02-12 15:43:08.547,3.0
-0.4727,0.0535,0.0847,-7.7286,18.2343,6.9733,2024-02-12 15:43:08.571,3.0
-0.5681,0.0789,0.125,-7.9193,25.1236,-7.0801,2024-02-12 15:43:08.587,3.0
-0.6599,0.0991,0.2,-10.6888,16.5939,-16.8991,2024-02-12 15:43:08.603,3.0
-0.7698,0.0515,0.2617,-12.0544,1.0834,-21.5759,2024-02-12 15:43:08.619,3.0
-0.8713,0.0107,0.2358,-12.7716,-10.17,-21.2784,2024-02-12 15:43:08.643,3.0
-0.8867,-0.0017,0.1421,-13.8321,-22.1329,-16.7313,2024-02-12 15:43:08.660,3.0
-0.844,-0.0051,0.0093,-18.1808,-35.965,-9.1705,2024-02-12 15:43:08.676,3.0
-0.7454,0.0378,-0.1709,-23.7122,-10.5057,0.267,2024-02-12 15:43:08.692,3.0
-0.9019,0.0215,0.011,-26.5121,48.7061,2.5635,2024-02-12 15:43:08.716,3.0
-1.1084,-0.0046,0.2627,-13.4811,72.6624,12.1536,2024-02-12 15:43:08.732,3.0
-1.2205,-0.1924,0.4792,3.9291,56.1752,17.8223,2024-02-12 15:43:08.749,3.0
-1.1423,-0.3071,0.4624,27.3514,34.2789,19.6686,2024-02-12 15:43:08.765,3.0
-0.9609,0.0664,0.2131,47.554,33.6227,20.6604,2024-02-12 15:43:08.781,3.0
-1.1638,0.2666,0.082,45.8832,52.1317,11.94,2024-02-12 15:43:08.806,3.0
-1.3599,0.3506,0.0574,31.5018,27.7328,25.0854,2024-02-12 15:43:08.822,3.0
-1.1008,0.3777,-0.4189,18.7607,-20.1035,30.5786,2024-02-12 15:43:08.839,3.0
-1.0854,0.4685,-0.6309,-6.4011,-9.8267,31.6086,2024-02-12 15:43:08.863,3.0
-1.0974,0.2783,-0.5081,-29.4647,1.6403,43.8461,2024-02-12 15:43:08.879,3.0
-0.8806,-0.0449,-0.3445,-44.0826,-38.414,43.9758,2024-02-12 15:43:08.921,3.0
-0.5916,-0.2192,-0.1372,-37.1094,-72.2656,33.2031,2024-02-12 15:43:08.921,3.0
-0.3528,-0.2778,-0.0349,-26.886,-81.7719,11.9858,2024-02-12 15:43:08.929,3.0
-0.3896,-0.2617,-0.0005,-11.8866,-28.8696,-11.4136,2024-02-12 15:43:08.953,3.0
-0.5825,-0.1938,-0.052,3.7994,41.5802,-25.1694,2024-02-12 15:43:08.970,3.0
-0.907,-0.0415,-0.2041,5.3482,77.0569,-35.6827,2024-02-12 15:43:08.987,3.0
-1.1643,0.0715,-0.3345,-11.4975,57.9758,-39.2761,2024-02-12 15:43:09.003,3.0
-1.165,0.0356,-0.1758,-22.6135,-24.5209,-42.0227,2024-02-12 15:43:09.020,3.0
-1.0022,0.0435,-0.1741,-20.0729,-73.0972,-36.9492,2024-02-12 15:43:09.036,3.0
-0.7305,0.095,-0.114,-25.6729,-84.9457,-34.1034,2024-02-12 15:43:09.060,3.0
-0.4448,0.0156,-0.1008,-36.6135,-67.4362,-43.2281,2024-02-12 15:43:09.077,3.0
-0.5659,-0.0654,0.0159,-44.9829,-34.523,-47.3099,2024-02-12 15:43:09.093,3.0
-0.5889,-0.094,0.0247,-50.5905,1.4267,-47.2336,2024-02-12 15:43:09.109,3.0
-0.7646,-0.1067,0.0554,-54.2908,13.9618,-47.0123,2024-02-12 15:43:09.127,3.0
-0.8582,-0.0974,0.0442,-54.2603,-0.3052,-41.3437,2024-02-12 15:43:09.150,3.0
-0.8291,-0.0715,0.0642,-53.1387,-22.3846,-29.007,2024-02-12 15:43:09.159,3.0
-0.7026,-0.1023,0.0859,-51.8188,-34.7672,-15.7318,2024-02-12 15:43:09.182,3.0
-0.5588,-0.1392,0.1362,-48.7289,-15.5792,-7.8278,2024-02-12 15:43:09.206,3.0
-0.5266,-0.1721,0.1707,-42.6788,13.8779,-4.3335,2024-02-12 15:43:09.223,3.0
-0.5981,-0.2058,0.2253,-34.729,32.8369,0.1755,2024-02-12 15:43:09.239,3.0
-0.728,-0.2363,0.2942,-24.3835,35.6064,8.873,2024-02-12 15:43:09.255,3.0
-0.8123,-0.2737,0.2837,-11.1771,28.9001,19.928,2024-02-12 15:43:09.271,3.0
-0.8948,-0.262,0.2795,-2.8229,15.0299,25.8865,2024-02-12 15:43:09.295,3.0
-0.9421,-0.2109,0.2537,-1.2741,-5.9891,21.6293,2024-02-12 15:43:09.311,3.0
-0.9219,-0.0444,0.0237,-6.3705,-16.6779,14.2365,2024-02-12 15:43:09.328,3.0
-0.8311,0.189,-0.0916,-12.2452,-11.1618,10.2386,2024-02-12 15:43:09.352,3.0
-0.8347,0.1416,0.0615,-17.0135,14.6866,-6.546,2024-02-12 15:43:09.369,3.0
-0.9995,-0.051,0.3374,-22.5983,25.2075,-13.9236,2024-02-12 15:43:09.385,3.0
-1.0349,-0.0261,0.3604,-21.9727,13.0692,-8.6517,2024-02-12 15:43:09.409,3.0
-0.8472,-0.2219,0.02,-37.6358,8.6746,-16.4337,2024-02-12 15:43:09.418,3.0
-1.0459,-0.1113,0.1423,-44.0292,27.2751,-52.7954,2024-02-12 15:43:09.443,3.0
-1.3313,-0.3147,0.0974,-36.2244,15.6326,-59.1736,2024-02-12 15:43:09.467,3.0
-1.2864,-0.6104,0.0996,-17.6849,-0.5341,-53.4821,2024-02-12 15:43:09.475,3.0
-1.2041,-0.7522,-0.0261,21.6064,-32.0969,-46.7148,2024-02-12 15:43:09.500,3.0
-1.0371,-0.4939,-0.2844,32.196,-62.3093,-33.3939,2024-02-12 15:43:09.516,3.0
-0.7415,-0.1873,-0.3975,19.5923,-84.5032,-20.401,2024-02-12 15:43:09.532,3.0
-0.4541,0.0981,-0.2856,-11.055,-69.3436,-1.8616,2024-02-12 15:43:09.545,3.0
-0.3816,0.1265,0.0425,-20.9885,-14.6103,11.2991,2024-02-12 15:43:09.570,3.0
-0.6394,0.0356,0.1069,-9.3079,60.6384,18.2037,2024-02-12 15:43:09.587,3.0
-0.9788,-0.0095,-0.0542,-5.3329,104.7287,12.6114,2024-02-12 15:43:09.603,3.0
-1.3918,-0.1506,-0.0764,-3.418,67.5278,18.898,2024-02-12 15:43:09.628,3.0
-1.3975,-0.2075,-0.0525,1.1826,-3.5782,37.0178,2024-02-12 15:43:09.636,3.0
-1.0613,-0.2627,-0.0498,5.8212,-61.4853,47.3328,2024-02-12 15:43:09.662,3.0
-0.7371,-0.301,-0.0859,11.94,-55.3665,48.9578,2024-02-12 15:43:09.678,3.0
-0.6096,-0.2134,0.0085,19.8441,-19.9127,52.0401,2024-02-12 15:43:09.686,3.0
-0.6094,-0.1238,0.022,27.5345,12.5122,50.9796,2024-02-12 15:43:09.711,3.0
-0.7341,-0.0771,0.0347,33.6533,21.4462,50.2319,2024-02-12 15:43:09.727,3.0
-0.7808,-0.0576,0.0244,37.9181,7.4768,52.887,2024-02-12 15:43:09.743,3.0
-0.7139,-0.0378,0.0515,42.5644,-15.5334,51.8188,2024-02-12 15:43:09.766,3.0
-0.6309,-0.0232,0.0894,46.7529,-25.5127,46.669,2024-02-12 15:43:09.782,3.0
-0.4878,0.0007,0.0796,51.4221,-23.5672,38.5056,2024-02-12 15:43:09.799,3.0
-0.3887,0.0571,0.0596,49.8199,-11.8332,28.5339,2024-02-12 15:43:09.816,3.0
-0.3408,0.1033,0.0457,47.3785,12.9242,12.558,2024-02-12 15:43:09.840,3.0
-0.4062,0.1626,0.0681,43.0298,37.0026,0.4959,2024-02-12 15:43:09.848,3.0
-0.5698,0.1982,0.1353,32.8598,53.7415,-12.4283,2024-02-12 15:43:09.872,3.0
-0.7485,0.1514,0.2031,22.2397,46.8597,-20.4773,2024-02-12 15:43:09.889,3.0
-0.8853,0.1167,0.2085,14.4272,28.9917,-20.8206,2024-02-12 15:43:09.913,3.0
-0.9333,0.2407,0.0894,6.691,7.843,-11.795,2024-02-12 15:43:09.929,3.0
-0.9915,0.2803,-0.0557,-6.5536,2.8534,-1.1978,2024-02-12 15:43:09.941,3.0
-0.9404,0.1326,-0.2063,-24.7574,2.8839,5.8594,2024-02-12 15:43:09.965,3.0
-0.915,-0.0452,-0.0559,-34.5383,17.334,8.7585,2024-02-12 15:43:09.981,3.0
-0.9226,-0.2568,0.2139,-29.1443,31.5704,-0.0839,2024-02-12 15:43:09.997,3.0
-1.0425,-0.3013,0.4758,-4.1733,44.426,-6.4926,2024-02-12 15:43:10.013,3.0
-1.1216,-0.2991,0.5317,21.5988,32.753,-3.4943,2024-02-12 15:43:10.041,3.0
-1.0186,-0.1682,0.3926,40.9775,7.1411,-0.1602,2024-02-12 15:43:10.049,3.0
-0.9512,0.032,0.0288,49.2172,12.207,2.449,2024-02-12 15:43:10.074,3.0
-1.2375,0.0454,-0.0012,41.4429,54.7562,5.1346,2024-02-12 15:43:10.090,3.0
-1.4834,0.3447,-0.104,45.0745,55.336,35.965,2024-02-12 15:43:10.106,3.0
-1.2742,0.4141,-0.6377,21.08,5.6076,48.3856,2024-02-12 15:43:10.122,3.0
-1.2234,0.1897,-0.5217,-5.5847,-31.9061,47.7295,2024-02-12 15:43:10.148,3.0
-0.9119,-0.0261,-0.3728,-13.8931,-65.567,52.2385,2024-02-12 15:43:10.155,3.0
-0.5198,-0.1047,-0.2678,-15.2893,-88.8443,43.8538,2024-02-12 15:43:10.179,3.0
-0.158,-0.1948,-0.0671,-12.5198,-74.7528,14.389,2024-02-12 15:43:10.196,3.0
-0.1826,-0.2061,0.2029,9.9335,-12.8784,-27.1225,2024-02-12 15:43:10.220,3.0
-0.5168,-0.1021,0.031,30.5862,54.4128,-43.9835,2024-02-12 15:43:10.229,3.0
-0.9397,0.0696,-0.1643,32.4554,91.362,-43.6478,2024-02-12 15:43:10.255,3.0
-1.2603,0.1099,-0.2036,17.395,68.6874,-40.5197,2024-02-12 15:43:10.271,3.0
-1.3254,-0.0537,-0.0552,5.1651,-11.0855,-40.451,2024-02-12 15:43:10.287,3.0
-1.1272,-0.116,-0.0166,16.7236,-96.55,-35.1791,2024-02-12 15:43:10.312,3.0
-0.74,-0.0137,-0.1042,14.7324,-109.7336,-34.4925,2024-02-12 15:43:10.329,3.0
-0.4626,-0.02,-0.0786,10.5133,-78.6362,-40.0314,2024-02-12 15:43:10.347,3.0
-0.3596,-0.0359,0.0498,7.7896,-38.7955,-49.9649,2024-02-12 15:43:10.363,3.0
-0.4507,-0.0322,-0.0283,-0.267,1.9836,-53.9322,2024-02-12 15:43:10.385,3.0
-0.7068,-0.0317,0.0681,-6.897,28.7933,-55.5496,2024-02-12 15:43:10.401,3.0
-0.8862,-0.0415,0.1121,-11.6272,24.3378,-50.0183,2024-02-12 15:43:10.417,3.0
-0.9258,-0.0728,0.0657,-12.9395,-3.2883,-35.553,2024-02-12 15:43:10.433,3.0
-0.7864,-0.0549,0.0579,-14.2212,-29.4495,-21.2784,2024-02-12 15:43:10.465,3.0
-0.6182,-0.0298,0.0396,-18.2953,-30.7083,-12.4283,2024-02-12 15:43:10.474,3.0
-0.4724,-0.051,0.0598,-20.5994,-7.0038,-5.5542,2024-02-12 15:43:10.499,3.0
-0.4539,-0.1218,0.168,-23.0713,27.4048,1.1368,2024-02-12 15:43:10.507,3.0
-0.6028,-0.1648,0.3113,-16.6092,51.8646,12.5504,2024-02-12 15:43:10.524,3.0
-0.7742,-0.2058,0.2844,-5.3864,59.7916,21.9803,2024-02-12 15:43:10.556,3.0
-0.9167,-0.3066,0.2092,-0.9842,49.0875,21.7285,2024-02-12 15:43:10.572,3.0
-1.0657,-0.2732,0.1333,-2.4414,21.5683,11.4441,2024-02-12 15:43:10.580,3.0
-1.106,-0.103,0.0684,-1.7853,-14.5569,8.9569,2024-02-12 15:43:10.604,3.0
-0.9128,0.0203,-0.0085,4.921,-26.6724,2.6321,2024-02-12 15:43:10.612,3.0
-0.8232,-0.0554,0.1514,0.0305,-11.2076,-19.516,2024-02-12 15:43:10.628,3.0
-0.8677,-0.062,0.3635,-4.6158,3.5324,-25.6195,2024-02-12 15:43:10.652,3.0
-0.8604,-0.0393,0.2537,-11.9705,8.3618,-24.1165,2024-02-12 15:43:10.669,3.0
-0.8477,-0.2861,0.0667,-30.2353,27.2446,-47.8668,2024-02-12 15:43:10.685,3.0
-1.2363,-0.1902,0.2061,-23.4451,28.6484,-77.5833,2024-02-12 15:43:10.701,3.0
-1.4832,-0.4351,0.0298,-24.1547,-15.0223,-54.9011,2024-02-12 15:43:10.718,3.0
-1.3259,-0.5215,0.0403,1.5411,-32.8827,-48.1033,2024-02-12 15:43:10.742,3.0
-1.2356,-0.6267,-0.2227,28.2288,-53.3066,-45.6085,2024-02-12 15:43:10.758,3.0
-0.8982,-0.3933,-0.4663,31.0822,-78.4607,-43.0832,2024-02-12 15:43:10.775,3.0
-0.5723,0.0388,-0.5371,7.2098,-99.0524,-36.0565,2024-02-12 15:43:10.799,3.0
-0.4124,0.0791,-0.3308,-20.8969,-66.2308,-12.2299,2024-02-12 15:43:10.815,3.0
-0.5972,-0.0298,0.1887,-25.5737,15.1901,13.3362,2024-02-12 15:43:10.832,3.0
-0.8601,-0.0674,0.104,-7.8888,84.7015,24.025,2024-02-12 15:43:10.848,3.0
-1.2737,-0.0215,-0.1523,-17.0441,89.1037,15.2969,2024-02-12 15:43:10.864,3.0
-1.5093,-0.1375,0.0312,-13.2065,30.1971,28.0914,2024-02-12 15:43:10.888,3.0
-1.2551,-0.2581,-0.0527,0.2441,-38.8489,47.7676,2024-02-12 15:43:10.913,3.0
-0.885,-0.2822,-0.0632,0.5112,-54.5502,52.4445,2024-02-12 15:43:10.918,3.0
-0.6279,-0.2869,-0.0166,5.3864,-35.9726,51.1703,2024-02-12 15:43:10.934,3.0
-0.5872,-0.2007,0.0283,15.8386,-1.5564,53.0777,2024-02-12 15:43:10.959,3.0
-0.6365,-0.1274,0.0393,23.1934,22.4457,52.8488,2024-02-12 15:43:10.973,3.0
-0.709,-0.0732,0.0515,23.5596,28.0457,50.4761,2024-02-12 15:43:10.989,3.0
-0.7446,-0.0298,0.0811,23.6664,20.8282,47.287,2024-02-12 15:43:11.013,3.0
-0.7158,-0.0222,0.0728,25.177,6.9275,44.4107,2024-02-12 15:43:11.030,3.0
-0.6592,0.0063,0.0415,24.8337,-6.5002,42.2821,2024-02-12 15:43:11.046,3.0
-0.509,0.0386,0.0322,20.9122,-13.3362,36.3235,2024-02-12 15:43:11.064,3.0
-0.3862,0.0784,0.0752,16.2735,-8.3237,23.1552,2024-02-12 15:43:11.080,3.0
-0.3735,0.1177,0.1211,13.1378,9.9258,9.0179,2024-02-12 15:43:11.097,3.0
-0.4502,0.1465,0.1997,11.7722,30.2048,-3.0136,2024-02-12 15:43:11.122,3.0
-0.6091,0.1199,0.2344,9.6207,42.0609,-16.5863,2024-02-12 15:43:11.138,3.0
-0.8169,0.0535,0.2888,6.1493,30.3497,-22.5906,2024-02-12 15:43:11.163,3.0
-0.9734,0.0068,0.2483,5.3177,4.2038,-17.952,2024-02-12 15:43:11.172,3.0
-0.9585,0.0635,0.1118,1.6327,-27.0538,-2.2812,2024-02-12 15:43:11.198,3.0
-0.7664,0.0513,0.0098,-9.1248,-41.0233,4.9973,2024-02-12 15:43:11.214,3.0
-0.6997,0.0879,0.0349,-21.2402,-14.2365,3.0975,2024-02-12 15:43:11.230,3.0
-0.8169,0.1238,0.0225,-29.3045,63.0188,6.2485,2024-02-12 15:43:11.246,3.0
-0.9702,0.1099,0.2117,-29.007,94.5663,0.0458,2024-02-12 15:43:11.263,3.0
-1.2334,-0.0073,0.3418,-20.9503,73.9746,0.8698,2024-02-12 15:43:11.279,3.0
-1.2488,-0.0747,0.394,-7.4692,37.0483,10.2692,2024-02-12 15:43:11.304,3.0
-1.2026,-0.1118,0.1187,9.2316,28.0762,18.898,2024-02-12 15:43:11.321,3.0
-1.3735,-0.1423,0.0913,9.9564,44.0521,21.4386,2024-02-12 15:43:11.337,3.0
-1.2947,0.1318,-0.1584,12.7411,12.4588,42.2821,2024-02-12 15:43:11.380,3.0
-1.0627,0.2683,-0.4788,-3.1891,-26.0696,39.1846,2024-02-12 15:43:11.380,3.0
-0.9905,0.3,-0.4771,-15.2206,-34.9426,45.723,2024-02-12 15:43:11.388,3.0
-0.717,0.0847,-0.3926,-26.9852,-41.6718,48.4238,2024-02-12 15:43:11.447,3.0
-0.5469,-0.1853,-0.0947,-29.0833,-51.796,33.9432,2024-02-12 15:43:11.447,3.0
-0.4526,-0.2825,0.1589,-9.5749,-35.1105,14.3814,2024-02-12 15:43:11.460,3.0
-0.5439,-0.2429,0.1956,16.5787,17.7002,-11.4288,2024-02-12 15:43:11.468,3.0
-0.8484,-0.1655,-0.0056,33.8364,60.3104,-28.7933,2024-02-12 15:43:11.484,3.0
-1.1877,-0.0671,-0.2783,28.5645,57.1747,-32.1884,2024-02-12 15:43:11.501,3.0
-1.2041,-0.0779,-0.2903,10.7956,1.3428,-35.3012,2024-02-12 15:43:11.534,3.0
-1.1006,-0.0732,-0.0249,15.2588,-77.8046,-33.4396,2024-02-12 15:43:11.542,3.0
-0.7012,0.0422,-0.1008,16.983,-83.0231,-33.165,2024-02-12 15:43:11.558,3.0
-0.4551,0.0493,-0.1223,10.5591,-52.3529,-41.1072,2024-02-12 15:43:11.575,3.0
-0.3884,0.0068,-0.1011,2.1591,-21.3776,-50.148,2024-02-12 15:43:11.591,3.0
-0.4973,-0.0193,-0.0566,-7.1411,4.982,-53.5278,2024-02-12 15:43:11.615,3.0
-0.658,-0.0256,-0.012,-16.9678,20.9656,-52.5665,2024-02-12 15:43:11.632,3.0
-0.8118,-0.0598,0.0593,-22.5449,14.1602,-46.8903,2024-02-12 15:43:11.648,3.0
-0.8298,-0.0864,0.1072,-21.7667,-6.2561,-31.7612,2024-02-12 15:43:11.672,3.0
-0.7415,-0.1011,0.0906,-21.0876,-21.347,-19.6457,2024-02-12 15:43:11.680,3.0
-0.5906,-0.0989,0.1155,-20.1492,-20.9274,-9.6741,2024-02-12 15:43:11.704,3.0
-0.5154,-0.1211,0.1521,-18.3868,-3.7766,-3.8147,2024-02-12 15:43:11.720,3.0
-0.5583,-0.1497,0.231,-13.9236,20.6451,2.3727,2024-02-12 15:43:11.736,3.0
-0.6887,-0.1426,0.3035,-7.1564,33.4244,13.4583,2024-02-12 15:43:11.760,3.0
-0.7993,-0.2102,0.2527,0.9613,28.5263,23.6893,2024-02-12 15:43:11.776,3.0
-0.897,-0.2302,0.2834,10.7727,14.8773,28.7704,2024-02-12 15:43:11.800,3.0
-0.9182,-0.2424,0.2935,16.7084,-6.897,24.231,2024-02-12 15:43:11.809,3.0
-0.8948,-0.1921,0.1582,17.3492,-22.9111,11.8942,2024-02-12 15:43:11.825,3.0
-0.8694,0.0198,0.0342,17.4637,-23.2315,4.8752,2024-02-12 15:43:11.849,3.0
-0.7668,0.0676,0.0046,17.5552,-7.5684,-7.1487,2024-02-12 15:43:11.865,3.0
-0.8435,-0.0259,0.1775,5.6076,13.4964,-20.9885,2024-02-12 15:43:11.882,3.0
-0.9551,0.0042,0.3838,-0.9003,30.7846,-24.4217,2024-02-12 15:43:11.900,3.0
-0.928,-0.0322,0.1321,-11.4288,29.9606,-22.3618,2024-02-12 15:43:11.924,3.0
-0.8896,-0.2588,0.0352,-33.226,37.3383,-45.0668,2024-02-12 15:43:11.940,3.0
-1.2261,-0.2759,0.1697,-28.3813,40.5884,-74.9588,2024-02-12 15:43:11.949,3.0
-1.3901,-0.5664,0.0664,-17.7917,28.1677,-76.9348,2024-02-12 15:43:11.974,3.0
-1.343,-0.804,0.0759,16.6702,11.3907,-85.6018,2024-02-12 15:43:11.993,3.0
-1.3457,-0.8643,-0.1504,56.6177,-34.0652,-68.1076,2024-02-12 15:43:12.009,3.0
-0.9661,-0.3401,-0.543,61.0962,-87.7991,-50.5447,2024-02-12 15:43:12.025,3.0
-0.6267,0.1345,-0.5979,21.4767,-97.7554,-24.1852,2024-02-12 15:43:12.050,3.0
-0.4136,0.0981,-0.2495,-0.4272,-48.9349,-3.1052,2024-02-12 15:43:12.066,3.0
-0.637,-0.0093,0.1174,8.11,27.3361,11.4594,2024-02-12 15:43:12.090,3.0
-0.9929,-0.0549,0.0259,28.801,88.707,22.7127,2024-02-12 15:43:12.099,3.0
-1.2922,-0.1497,-0.1396,32.8522,79.9866,25.8026,2024-02-12 15:43:12.123,3.0
-1.3242,-0.2419,-0.1011,32.9132,16.8686,38.8794,2024-02-12 15:43:12.139,3.0
-1.0479,-0.251,0.0005,37.8494,-42.6407,54.657,2024-02-12 15:43:12.156,3.0
-0.761,-0.2549,0.0208,43.4723,-50.8728,64.1479,2024-02-12 15:43:12.188,3.0
-0.4453,-0.2202,-0.054,46.7758,-23.5519,68.5272,2024-02-12 15:43:12.197,3.0
-0.4077,-0.1121,0.0266,44.9219,11.3907,61.4471,2024-02-12 15:43:12.208,3.0
-0.5581,-0.0105,0.1245,43.8309,45.3262,46.0892,2024-02-12 15:43:12.224,3.0
-0.752,0.0359,0.094,42.6788,54.5502,35.6674,2024-02-12 15:43:12.248,3.0
-0.9106,0.0349,0.0618,40.8554,30.098,39.2609,2024-02-12 15:43:12.268,3.0
-0.8252,0.0334,0.0061,35.7132,-2.0218,41.6565,2024-02-12 15:43:12.277,3.0
-0.5989,0.0637,0.0474,27.0157,-21.0266,36.7889,2024-02-12 15:43:12.301,3.0
-0.4683,0.0549,0.1052,22.8729,-13.5117,28.3051,2024-02-12 15:43:12.325,3.0
-0.4263,0.0593,0.1021,20.9045,8.3313,18.4326,2024-02-12 15:43:12.333,3.0
-0.4475,0.0789,0.0745,18.3182,30.983,7.8354,2024-02-12 15:43:12.357,3.0
-0.5325,0.0901,0.0933,11.6882,40.2527,-1.297,2024-02-12 15:43:12.374,3.0
-0.6511,0.062,0.1819,8.049,37.2467,-8.6441,2024-02-12 15:43:12.391,3.0
-0.7847,0.0571,0.2354,5.8823,26.8555,-10.2997,2024-02-12 15:43:12.407,3.0
-0.8655,0.1233,0.1409,4.9896,12.5046,-7.3395,2024-02-12 15:43:12.431,3.0
-0.8992,0.1301,-0.0178,-0.7553,1.3885,-1.0376,2024-02-12 15:43:12.448,3.0
-0.8535,0.0876,-0.1248,-12.9242,-4.5929,2.8534,2024-02-12 15:43:12.464,3.0
-0.8672,0.0566,-0.0354,-21.904,13.0615,2.4109,2024-02-12 15:43:12.480,3.0
-0.9587,-0.0322,0.1228,-27.565,36.8195,-2.5482,2024-02-12 15:43:12.497,3.0
-1.0786,-0.0203,0.3279,-19.1879,38.6887,-6.8741,2024-02-12 15:43:12.513,3.0
-1.1533,0.0139,0.3674,-8.3466,13.9618,-3.0518,2024-02-12 15:43:12.529,3.0
-1.0886,0.1707,0.0535,-3.418,4.7684,7.164,2024-02-12 15:43:12.553,3.0
-1.2554,0.0461,-0.0645,-17.7383,36.5601,10.4065,2024-02-12 15:43:12.577,3.0
-1.4751,0.2454,-0.0381,-8.9493,40.3214,35.408,2024-02-12 15:43:12.593,3.0
-1.2771,0.2837,-0.4619,-13.4735,20.7901,54.4128,2024-02-12 15:43:12.609,3.0
-1.1133,-0.0642,-0.3755,-27.1378,-21.492,39.4897,2024-02-12 15:43:12.625,3.0
-0.9409,-0.209,-0.1606,-17.7917,-60.5316,32.7759,2024-02-12 15:43:12.658,3.0
-0.5564,-0.2656,-0.3284,-9.4376,-76.0345,19.928,2024-02-12 15:43:12.658,3.0
-0.416,-0.2854,-0.0537,0.2975,-38.353,3.8834,2024-02-12 15:43:12.674,3.0
-0.3831,-0.3228,0.1809,29.1519,17.746,-18.2724,2024-02-12 15:43:12.699,3.0
-0.6262,-0.2295,0.0164,47.3785,58.4183,-31.662,2024-02-12 15:43:12.715,3.0
-0.915,-0.075,-0.1938,51.4984,83.1299,-33.6151,2024-02-12 15:43:12.739,3.0
-1.094,0.0283,-0.2402,45.433,59.1431,-38.2767,2024-02-12 15:43:12.748,3.0
-1.2495,0.0476,-0.1926,29.9225,-6.7902,-44.6472,2024-02-12 15:43:12.764,3.0
-1.1165,-0.0496,-0.1157,30.9067,-63.591,-42.8848,2024-02-12 15:43:12.780,3.0
-0.8269,-0.0532,-0.114,33.4396,-84.3201,-38.681,2024-02-12 15:43:12.805,3.0
-0.5996,-0.0813,-0.0889,31.5628,-68.3899,-38.475,2024-02-12 15:43:12.821,3.0
-0.49,-0.0989,-0.0842,26.947,-44.2505,-39.9094,2024-02-12 15:43:12.845,3.0
-0.4995,-0.0862,-0.0781,18.692,-20.1035,-40.2603,2024-02-12 15:43:12.862,3.0
-0.5999,-0.0603,-0.0386,9.2621,-8.3542,-39.3677,2024-02-12 15:43:12.878,3.0
-0.7009,-0.0496,0.0059,1.9226,-9.3307,-33.8974,2024-02-12 15:43:12.894,3.0
-0.7463,-0.0476,0.0645,-2.4643,-18.0283,-23.3765,2024-02-12 15:43:12.910,3.0
-0.7019,-0.0308,0.0999,-4.2267,-24.2081,-8.8806,2024-02-12 15:43:12.934,3.0
-0.5845,-0.0544,0.1189,-6.2485,-22.3999,0.9766,2024-02-12 15:43:12.958,3.0
-0.5383,-0.1191,0.1663,-5.4779,-7.6294,8.9569,2024-02-12 15:43:12.974,3.0
-0.5813,-0.1516,0.238,-0.4349,7.225,15.7013,2024-02-12 15:43:12.990,3.0
-0.6523,-0.1904,0.248,8.8348,11.4975,21.5912,2024-02-12 15:43:13.014,3.0
-0.7881,-0.2422,0.2839,18.1885,8.4457,22.2015,2024-02-12 15:43:13.023,3.0
-0.9272,-0.2476,0.3887,31.6086,-3.83,22.3846,2024-02-12 15:43:13.064,3.0
-0.9397,-0.3176,0.2812,41.0919,-16.0599,17.952,2024-02-12 15:43:13.064,3.0
-0.9729,-0.0969,0.0046,36.7584,-8.0643,0.0839,2024-02-12 15:43:13.088,3.0
-0.9502,0.1648,-0.0588,20.874,-8.4763,-3.3417,2024-02-12 15:43:13.104,3.0
-0.8875,0.2029,0.0405,1.3885,-6.7062,-19.0659,2024-02-12 15:43:13.121,3.0
-0.9055,0.188,0.2939,-13.4201,5.188,-27.0844,2024-02-12 15:43:13.139,3.0
-0.9214,0.2119,0.4055,-17.5934,13.1607,-26.3062,2024-02-12 15:43:13.156,3.0
-0.7825,-0.1221,0.0789,-37.0331,15.8539,-29.8309,2024-02-12 15:43:13.172,3.0
-0.9697,-0.2429,0.2214,-52.6123,34.0958,-71.7468,2024-02-12 15:43:13.189,3.0
-1.4419,-0.3752,0.3643,-43.8232,12.001,-82.0923,2024-02-12 15:43:13.214,3.0
-1.5491,-0.5386,0.2,-22.8577,-26.9699,-39.4287,2024-02-12 15:43:13.232,3.0
-1.167,-0.5459,-0.1294,11.2152,-57.9453,-30.3421,2024-02-12 15:43:13.249,3.0
-0.8406,-0.6187,-0.4836,15.4724,-46.6232,-44.8151,2024-02-12 15:43:13.265,3.0
-0.6982,-0.1636,-0.4512,0.1678,-48.3856,-44.9524,2024-02-12 15:43:13.282,3.0
-0.6367,0.0127,-0.2607,-16.1896,-41.3055,-19.6686,2024-02-12 15:43:13.298,3.0
-0.6741,-0.0625,0.0332,-19.2261,0.946,7.4005,2024-02-12 15:43:13.322,3.0
-0.887,-0.0486,0.0505,-10.5972,48.4085,25.6042,2024-02-12 15:43:13.340,3.0
-1.1345,-0.0586,-0.0244,-13.5345,63.7894,22.0184,2024-02-12 15:43:13.357,3.0
-1.3625,-0.0957,0.0815,-11.5433,26.6495,27.0462,2024-02-12 15:43:13.373,3.0
-1.2104,-0.2009,0.0432,-6.2103,-24.1623,44.075,2024-02-12 15:43:13.397,3.0
-0.8728,-0.2566,-0.0388,-6.7291,-47.8897,51.4145,2024-02-12 15:43:13.413,3.0
-0.6536,-0.2524,0.0115,-4.1809,-31.7764,53.8254,2024-02-12 15:43:13.430,3.0
-0.5513,-0.1475,0.083,-0.2365,3.1967,53.5736,2024-02-12 15:43:13.454,3.0
-0.5889,-0.0596,0.0632,3.7079,29.6326,51.4603,2024-02-12 15:43:13.462,3.0
-0.6978,-0.0581,0.0483,5.9662,36.5906,48.8892,2024-02-12 15:43:13.487,3.0
-0.7585,-0.0371,0.1011,6.2027,19.6609,47.348,2024-02-12 15:43:13.508,3.0
-0.7212,-0.0696,0.1086,5.4169,2.3193,45.1202,2024-02-12 15:43:13.524,3.0
-0.6533,-0.0825,0.1218,3.2272,-7.8659,41.7252,2024-02-12 15:43:13.540,3.0
-0.5613,-0.0347,0.1575,3.5706,-8.1558,36.5601,2024-02-12 15:43:13.565,3.0
-0.5068,0.0464,0.1995,4.4022,-2.6474,26.6342,2024-02-12 15:43:13.573,3.0
-0.4602,0.1016,0.127,2.2125,13.3057,14.5798,2024-02-12 15:43:13.614,3.0
-0.4761,0.1289,0.1257,-2.1439,29.9454,4.6616,2024-02-12 15:43:13.614,3.0
-0.5142,0.1311,0.1824,-5.806,36.9873,-4.8752,2024-02-12 15:43:13.635,3.0
-0.6414,0.0906,0.2419,-10.7269,29.4571,-12.9318,2024-02-12 15:43:13.648,3.0
-0.7725,0.0771,0.3037,-11.0703,14.3356,-15.5106,2024-02-12 15:43:13.665,3.0
-0.9292,0.134,0.2766,-10.2158,3.624,-10.4141,2024-02-12 15:43:13.681,3.0
-0.9038,0.1128,0.0608,-13.3438,-1.2741,1.2436,2024-02-12 15:43:13.716,3.0
-0.7646,0.0593,-0.0442,-27.1225,-0.3128,1.4954,2024-02-12 15:43:13.724,3.0
-0.8689,-0.0076,0.1035,-37.1704,40.6265,-4.7684,2024-02-12 15:43:13.741,3.0
-1.062,-0.0378,0.3691,-29.1061,83.9615,-9.2621,2024-02-12 15:43:13.756,3.0
-1.1799,-0.0818,0.3345,-13.3286,73.3719,-6.2637,2024-02-12 15:43:13.773,3.0
-1.2039,0.1035,0.1213,-7.7667,34.2789,5.722,2024-02-12 15:43:13.798,3.0
-1.2173,0.1194,-0.0583,-16.8533,35.8124,11.1465,2024-02-12 15:43:13.814,3.0
-1.5339,0.2166,0.1016,-18.364,57.1136,27.1225,2024-02-12 15:43:13.831,3.0
-1.5034,0.4934,-0.2957,-13.5956,47.1344,64.3158,2024-02-12 15:43:13.848,3.0
-1.1636,0.2244,-0.5393,-47.8363,-19.9203,55.7709,2024-02-12 15:43:13.872,3.0
-1.1311,-0.1719,-0.1641,-57.1518,-70.9991,45.1202,2024-02-12 15:43:13.880,3.0
-0.801,-0.2732,-0.1121,-37.5824,-94.5969,37.9868,2024-02-12 15:43:13.904,3.0
-0.4368,-0.2278,-0.2397,-33.3481,-95.6421,16.3422,2024-02-12 15:43:13.920,3.0
-0.2505,-0.2085,-0.0581,-30.159,-71.1746,-5.0735,2024-02-12 15:43:13.944,3.0
-0.2466,-0.1689,0.0923,-13.6948,-16.7313,-24.3301,2024-02-12 15:43:13.952,3.0
-0.4839,-0.0437,-0.0715,2.1439,67.6727,-35.9879,2024-02-12 15:43:13.976,3.0
-0.9688,0.0549,-0.1255,-1.915,116.3254,-43.7698,2024-02-12 15:43:13.993,3.0
-1.2627,0.0281,-0.1526,-11.528,85.7239,-45.6009,2024-02-12 15:43:14.025,3.0
-1.3259,-0.0688,-0.1194,-20.5765,-0.2365,-44.5251,2024-02-12 15:43:14.033,3.0
-1.1401,-0.1089,-0.082,-20.7291,-93.8644,-44.1513,2024-02-12 15:43:14.049,3.0
-0.8123,-0.1208,-0.0786,-19.8364,-113.9603,-40.6723,2024-02-12 15:43:14.068,3.0
-0.5569,-0.1406,-0.0217,-16.1438,-83.313,-41.4047,2024-02-12 15:43:14.117,3.0
-0.4951,-0.1042,-0.0159,-14.7629,-40.8783,-42.3355,2024-02-12 15:43:14.117,3.0
-0.5225,-0.0693,-0.0408,-18.2495,-8.255,-39.5432,2024-02-12 15:43:14.117,3.0
-0.6636,-0.061,0.0288,-21.1105,8.1711,-36.232,2024-02-12 15:43:14.142,3.0
-0.7471,-0.0554,0.085,-23.3078,6.3248,-33.1955,2024-02-12 15:43:14.159,3.0
-0.7866,-0.1072,0.1086,-21.553,-11.0168,-28.2516,2024-02-12 15:43:14.175,3.0
-0.7559,-0.1333,0.1248,-18.1351,-18.7759,-19.2719,2024-02-12 15:43:14.200,3.0
-0.6753,-0.1152,0.1331,-15.6097,-15.5411,-10.4218,2024-02-12 15:43:14.216,3.0
-0.5845,-0.0786,0.1882,-14.9155,-5.188,-4.4861,2024-02-12 15:43:14.233,3.0
-0.5977,-0.0464,0.2424,-15.2588,6.4392,1.3199,2024-02-12 15:43:14.248,3.0
-0.6694,-0.0549,0.2898,-11.8637,22.3618,8.2474,2024-02-12 15:43:14.275,3.0
-0.7979,-0.1033,0.2961,-11.6653,29.0527,12.5351,2024-02-12 15:43:14.291,3.0
-0.8735,-0.1553,0.2969,-12.7487,8.9798,9.9487,2024-02-12 15:43:14.308,3.0
-0.9055,-0.0625,0.1836,-20.2255,-10.9482,4.0588,2024-02-12 15:43:14.324,3.0
-0.8296,0.0205,0.1057,-23.2697,-17.0975,-2.8534,2024-02-12 15:43:14.340,3.0
-0.8037,0.0303,0.0764,-28.9917,-4.7684,-15.3809,2024-02-12 15:43:14.364,3.0
-0.8386,-0.1006,0.2334,-34.4238,12.6877,-18.4402,2024-02-12 15:43:14.407,3.0
-0.897,-0.1357,0.437,-35.2936,22.1024,-20.6604,2024-02-12 15:43:14.407,3.0
-0.9207,-0.1492,0.3687,-37.6205,11.3754,-16.8915,2024-02-12 15:43:14.416,3.0
-0.7761,-0.5242,-0.0022,-44.9371,17.8986,-20.6451,2024-02-12 15:43:14.432,3.0
-1.0198,-0.335,0.262,-32.4554,58.4717,-58.0063,2024-02-12 15:43:14.448,3.0
-1.3303,-0.572,0.0034,-21.8124,50.8804,-80.5283,2024-02-12 15:43:14.474,3.0
-1.4324,-0.5254,0.0115,15.9912,16.3727,-74.3027,2024-02-12 15:43:14.482,3.0
-1.3049,-0.3743,-0.2922,27.0157,-48.9349,-61.7447,2024-02-12 15:43:14.506,3.0
-0.9819,-0.1233,-0.2986,12.6343,-81.1386,-43.2816,2024-02-12 15:43:14.522,3.0
-0.6909,0.0381,-0.3289,-6.9885,-74.379,-13.2751,2024-02-12 15:43:14.539,3.0
-0.5972,0.2173,-0.2573,-19.4092,-10.994,2.8458,2024-02-12 15:43:14.563,3.0
-0.8535,0.2666,-0.1389,-25.9933,50.8804,9.1476,2024-02-12 15:43:14.582,3.0
-1.1494,0.1238,-0.1316,-27.8931,69.6182,13.7329,2024-02-12 15:43:14.599,3.0
-1.3684,-0.1174,-0.0593,-22.9721,45.2576,17.6392,2024-02-12 15:43:14.615,3.0
-1.3181,-0.1675,0.0154,-18.3945,-20.1874,31.7764,2024-02-12 15:43:14.640,3.0
-1.0837,-0.2043,0.0859,-9.8419,-69.252,43.5638,2024-02-12 15:43:14.657,3.0
-0.7917,-0.241,-0.0039,0.5188,-75.4929,52.2537,2024-02-12 15:43:14.681,3.0
-0.5142,-0.2141,-0.0344,5.9204,-44.8761,51.5442,2024-02-12 15:43:14.690,3.0
-0.4065,-0.1709,0.0508,12.7869,-3.0746,43.9453,2024-02-12 15:43:14.706,3.0
-0.4502,-0.1294,0.113,17.8528,26.5884,35.2325,2024-02-12 15:43:14.731,3.0
-0.5503,-0.1047,0.1404,24.0631,35.347,28.4195,2024-02-12 15:43:14.748,3.0
-0.6289,-0.0918,0.1116,27.4277,26.0391,24.0097,2024-02-12 15:43:14.764,3.0
-0.6714,-0.0483,0.1101,29.9301,21.6141,21.5073,2024-02-12 15:43:14.780,3.0
-0.552,0.03,0.0588,26.6113,18.5394,14.7247,2024-02-12 15:43:14.796,3.0
-0.5422,0.1245,0.1125,18.5394,21.7743,3.3112,2024-02-12 15:43:14.821,3.0
-0.5251,0.1584,0.1162,10.2844,23.735,-6.546,2024-02-12 15:43:14.838,3.0
-0.5789,0.175,0.1868,2.2659,22.0413,-13.3438,2024-02-12 15:43:14.854,3.0
-0.6453,0.1631,0.2461,-3.8834,17.6086,-17.0822,2024-02-12 15:43:14.870,3.0
-0.6885,0.1326,0.219,-9.5596,10.2539,-19.8593,2024-02-12 15:43:14.886,3.0
-0.8184,0.1089,0.2927,-10.9634,5.6686,-20.05,2024-02-12 15:43:14.911,3.0
-0.865,0.1375,0.074,-13.1302,-0.6332,-18.7073,2024-02-12 15:43:14.927,3.0
-0.8433,0.0872,-0.1074,-23.819,-11.1084,-13.443,2024-02-12 15:43:14.943,3.0
-0.7935,-0.0664,0.0037,-34.3933,-12.1765,-18.1503,2024-02-12 15:43:14.967,3.0
-0.9973,-0.2153,0.1372,-29.5105,24.4064,-21.6827,2024-02-12 15:43:14.983,3.0
-1.1592,-0.0994,0.1687,-18.7531,51.2238,-8.8425,2024-02-12 15:43:15.002,3.0
-1.1138,0.0278,0.229,-13.9236,11.9629,2.9297,2024-02-12 15:43:15.019,3.0
-0.9661,0.1804,0.0767,-14.7247,-1.709,13.6566,2024-02-12 15:43:15.036,3.0
-1.0754,0.1387,0.1648,-19.6381,50.0107,2.5177,2024-02-12 15:43:15.060,3.0
-1.468,0.24,0.301,-10.2005,74.1653,14.5645,2024-02-12 15:43:15.076,3.0
-1.3745,0.2395,-0.3228,-17.1356,25.4211,31.8527,2024-02-12 15:43:15.092,3.0
-1.3057,0.2949,-0.5437,-40.5197,-17.9443,39.7263,2024-02-12 15:43:15.111,3.0
-1.1807,0.1338,-0.4019,-58.0597,-36.8805,54.0771,2024-02-12 15:43:15.128,3.0
-0.8623,-0.0623,-0.3872,-65.4907,-70.1065,51.6052,2024-02-12 15:43:15.144,3.0
-0.4856,-0.2378,-0.3044,-71.64,-109.8785,33.5922,2024-02-12 15:43:15.168,3.0
-0.2041,-0.3059,0.0247,-62.0728,-113.5864,12.3062,2024-02-12 15:43:15.184,3.0
-0.1252,-0.2656,0.2786,-34.6832,-52.7802,-19.1879,2024-02-12 15:43:15.208,3.0
-0.446,-0.1516,0.0457,-15.152,68.1534,-37.8494,2024-02-12 15:43:15.224,3.0
-0.9988,-0.0459,-0.0967,-13.8855,139.8163,-43.0908,2024-02-12 15:43:15.241,3.0
-1.3896,0.0725,-0.3611,-29.4113,119.6747,-43.4952,2024-02-12 15:43:15.260,3.0
-1.5288,0.0986,-0.3342,-63.1332,-13.6719,-45.8374,2024-02-12 15:43:15.276,3.0
-1.3152,0.0674,-0.0999,-61.2335,-115.6311,-32.4402,2024-02-12 15:43:15.300,3.0
-0.8608,0.1013,-0.0547,-62.8815,-134.0485,-24.971,2024-02-12 15:43:15.308,3.0
-0.4805,0.0759,-0.0791,-73.3414,-95.1538,-32.4249,2024-02-12 15:43:15.332,3.0
-0.3462,-0.0405,-0.1833,-85.1135,-44.1971,-41.9769,2024-02-12 15:43:15.356,3.0
-0.5667,-0.094,-0.0879,-99.3042,-9.3689,-50.0488,2024-02-12 15:43:15.364,3.0
-0.7776,-0.1125,0.0627,-108.139,8.0719,-49.5224,2024-02-12 15:43:15.389,3.0
-0.8679,-0.125,0.1694,-106.7276,-0.473,-45.433,2024-02-12 15:43:15.422,3.0
-0.8564,-0.071,0.0745,-103.4622,-25.6729,-34.8434,2024-02-12 15:43:15.430,3.0
-0.6626,-0.0349,-0.0281,-104.8355,-42.6254,-18.7225,2024-02-12 15:43:15.438,3.0
-0.4724,-0.0845,-0.0142,-105.5145,-27.8168,-6.3248,2024-02-12 15:43:15.463,3.0
-0.3577,-0.2688,0.0923,-97.5571,21.5759,-2.9526,2024-02-12 15:43:15.487,3.0
-0.5166,-0.3726,0.259,-83.7326,49.736,-1.0376,2024-02-12 15:43:15.495,3.0
-0.7219,-0.4204,0.3313,-64.9185,55.7785,4.4861,2024-02-12 15:43:15.519,3.0
-0.9375,-0.3989,0.3479,-41.748,41.3589,12.9089,2024-02-12 15:43:15.536,3.0
-1.0076,-0.3232,0.4358,-26.9089,19.2947,17.8604,2024-02-12 15:43:15.552,3.0
-0.9932,-0.2998,0.3804,-15.8768,-2.6321,17.8909,2024-02-12 15:43:15.568,3.0
-0.9941,-0.1741,0.2756,-5.6152,-13.9923,13.2141,2024-02-12 15:43:15.616,3.0
-0.9316,0.0034,0.1697,-1.9913,-24.91,10.3836,2024-02-12 15:43:15.619,3.0
-0.8057,0.0828,0.1689,1.8768,-28.7018,3.6469,2024-02-12 15:43:15.627,3.0
-0.8003,0.0466,0.3376,-8.4915,-10.231,-13.7177,2024-02-12 15:43:15.643,3.0
-0.8667,0.0652,0.4089,-13.2751,1.0223,-16.1743,2024-02-12 15:43:15.660,3.0
-0.8816,0.1521,0.3503,-23.6206,-7.7591,-13.3362,2024-02-12 15:43:15.676,3.0
-0.7598,-0.0317,0.1182,-45.1584,-18.1427,-14.6027,2024-02-12 15:43:15.692,3.0
-0.8066,-0.2227,0.0391,-67.1005,15.1825,-37.9868,2024-02-12 15:43:15.717,3.0
-1.1316,-0.2019,0.2468,-62.3627,38.8336,-68.5425,2024-02-12 15:43:15.733,3.0
-1.3855,-0.7061,-0.0535,-46.875,20.6528,-53.4821,2024-02-12 15:43:15.782,3.0
-1.3257,-0.5833,-0.2009,-24.5132,-27.4887,-55.9692,2024-02-12 15:43:15.782,3.0
-1.124,-0.3296,-0.4717,-28.2898,-77.8809,-38.5208,2024-02-12 15:43:15.790,3.0
-0.6938,-0.0581,-0.3804,-48.3856,-88.5162,-32.0816,2024-02-12 15:43:15.806,3.0
-0.5864,0.1721,-0.1455,-68.1915,-48.5611,-12.5732,2024-02-12 15:43:15.831,3.0
-0.6968,-0.0012,0.0327,-67.3447,37.0178,12.4359,2024-02-12 15:43:15.839,3.0
-0.9817,-0.0063,-0.0527,-73.2956,78.0106,22.7737,2024-02-12 15:43:15.864,3.0
-1.3179,-0.1592,0.0962,-71.579,38.681,21.1487,2024-02-12 15:43:15.881,3.0
-1.3635,-0.2798,0.0217,-59.3033,-11.0245,29.4952,2024-02-12 15:43:15.906,3.0
-1.2014,-0.2808,0.0527,-58.3267,-54.9469,41.6412,2024-02-12 15:43:15.922,3.0
-0.9346,-0.2798,0.0535,-47.348,-70.0912,52.3758,2024-02-12 15:43:15.939,3.0
-0.7617,-0.2156,0.0356,-36.8729,-55.4199,61.4929,2024-02-12 15:43:15.955,3.0
-0.5759,-0.1257,0.0139,-33.4854,-39.1769,61.5234,2024-02-12 15:43:15.971,3.0
-0.5427,-0.063,0.0706,-30.1132,-26.6571,56.1295,2024-02-12 15:43:15.995,3.0
-0.5662,-0.0791,0.0928,-24.1241,-19.0582,50.2396,2024-02-12 15:43:16.011,3.0
-0.5718,-0.1152,0.1221,-18.2419,-18.0588,46.402,2024-02-12 15:43:16.028,3.0
-0.5376,-0.0977,0.1453,-11.528,-17.7994,40.5273,2024-02-12 15:43:16.044,3.0
-0.4888,-0.0305,0.1506,-5.0888,-12.1231,32.2189,2024-02-12 15:43:16.068,3.0
-0.4326,0.0273,0.1265,-1.5259,-0.7935,23.2697,2024-02-12 15:43:16.084,3.0
-0.3899,0.0671,0.1406,-0.7477,11.1694,12.1918,2024-02-12 15:43:16.100,3.0
-0.4126,0.1082,0.1853,1.1597,27.2141,1.3351,2024-02-12 15:43:16.117,3.0
-0.4944,0.1362,0.2144,0.7782,37.4908,-8.3694,2024-02-12 15:43:16.133,3.0
-0.6438,0.1274,0.3196,-1.3733,34.9884,-16.6092,2024-02-12 15:43:16.157,3.0
-0.7976,0.1418,0.248,0.4501,29.747,-18.9209,2024-02-12 15:43:16.173,3.0
-0.9092,0.1475,0.0708,-5.5313,23.7808,-14.7552,2024-02-12 15:43:16.190,3.0
-0.9365,0.0144,0.157,-11.734,5.7526,-8.6441,2024-02-12 15:43:16.206,3.0
-0.9753,-0.0571,0.2207,-8.0643,2.6169,-1.8311,2024-02-12 15:43:16.231,3.0
-1.0554,-0.0554,0.2244,-3.0975,40.7562,5.6686,2024-02-12 15:43:16.239,3.0
-1.0371,-0.0681,0.3516,4.8294,63.2095,3.6087,2024-02-12 15:43:16.264,3.0
-1.0835,0.0308,0.3994,19.9127,49.7665,4.7302,2024-02-12 15:43:16.289,3.0
-1.1411,0.1748,0.1609,29.1672,59.2651,11.2,2024-02-12 15:43:16.297,3.0
-1.3508,0.1072,0.166,24.4446,79.5135,15.5258,2024-02-12 15:43:16.321,3.0
-1.4998,0.23,-0.0356,26.825,62.3398,37.9333,2024-02-12 15:43:16.337,3.0
-1.3657,0.4019,-0.4087,9.2621,24.5819,51.5747,2024-02-12 15:43:16.353,3.0
-1.2712,0.5383,-0.5242,-17.4713,-3.7918,66.1392,2024-02-12 15:43:16.369,3.0
-1.0139,0.197,-0.5227,-41.3284,-26.3062,74.0967,2024-02-12 15:43:16.393,3.0
-0.6733,-0.1824,-0.334,-51.5289,-65.3839,58.8455,2024-02-12 15:43:16.410,3.0
-0.4756,-0.3352,-0.074,-38.1927,-88.1195,34.1492,2024-02-12 15:43:16.426,3.0
-0.3647,-0.2603,0.0801,-17.0822,-74.6841,10.4675,2024-02-12 15:43:16.450,3.0
-0.396,-0.1877,0.1104,-5.8212,-19.989,-14.8926,2024-02-12 15:43:16.478,3.0
-0.7466,-0.0889,-0.0833,-1.1368,54.7791,-36.3388,2024-02-12 15:43:16.486,3.0
-0.9875,-0.0073,-0.1956,-10.6277,70.7321,-43.0908,2024-02-12 15:43:16.494,3.0
-1.1687,0.0452,-0.1431,-30.014,0.2594,-39.0854,2024-02-12 15:43:16.518,3.0
-1.0559,0.0725,-0.1038,-40.7867,-76.2253,-35.3622,2024-02-12 15:43:16.542,3.0
-0.7546,0.1106,-0.1514,-51.0178,-109.9243,-31.8527,2024-02-12 15:43:16.550,3.0
-0.4258,0.1602,-0.2454,-69.603,-94.0552,-36.087,2024-02-12 15:43:16.583,3.0
-0.3147,0.1624,-0.3132,-90.5457,-44.0445,-45.8832,2024-02-12 15:43:16.592,3.0
-0.489,0.0845,-0.2688,-109.7488,25.3372,-49.9954,2024-02-12 15:43:16.608,3.0
-0.7297,-0.043,-0.1409,-120.9106,75.3632,-47.4319,2024-02-12 15:43:16.625,3.0
-0.9832,-0.1453,0.0464,-120.285,69.0384,-45.3873,2024-02-12 15:43:16.649,3.0
-1.1636,-0.2114,0.1511,-112.0224,19.165,-31.7383,2024-02-12 15:43:16.666,3.0
-1.03,-0.2483,0.145,-103.4698,-31.7917,-15.7166,2024-02-12 15:43:16.683,3.0
-0.7917,-0.2166,0.1538,-99.2966,-52.269,-10.7651,2024-02-12 15:43:16.707,3.0
-0.6174,-0.1836,0.1736,-92.9642,-41.626,-10.1242,2024-02-12 15:43:16.723,3.0
-0.5396,-0.1816,0.2124,-82.1304,-20.8664,-9.5062,2024-02-12 15:43:16.739,3.0
-0.5632,-0.1926,0.2498,-66.7343,1.4038,-8.3771,2024-02-12 15:43:16.756,3.0
-0.6555,-0.2292,0.3176,-49.8123,18.7302,-2.6398,2024-02-12 15:43:16.781,3.0
-0.7058,-0.2527,0.3064,-34.874,24.5972,4.3488,2024-02-12 15:43:16.798,3.0
-0.781,-0.2261,0.2754,-23.407,26.4206,9.4681,2024-02-12 15:43:16.807,3.0
-0.842,-0.2222,0.2666,-14.6866,17.601,13.7558,2024-02-12 15:43:16.831,3.0
-0.8506,-0.2974,0.2092,-11.6501,2.0294,10.8414,2024-02-12 15:43:16.848,3.0
-0.8752,-0.1077,0.1377,-14.6484,2.2507,2.7466,2024-02-12 15:43:16.865,3.0
-0.8875,0.084,0.1157,-14.7858,5.8975,3.7384,2024-02-12 15:43:16.881,3.0
-0.9148,0.1367,0.134,-17.0135,13.7482,-2.0142,2024-02-12 15:43:16.905,3.0
-0.9668,0.0049,0.3047,-19.1879,9.8114,-2.2202,2024-02-12 15:43:16.929,3.0
-0.9214,-0.0664,0.3735,-16.1819,1.6251,-2.533,2024-02-12 15:43:16.938,3.0
-0.7654,-0.1797,0.1836,-20.874,3.5095,-11.1694,2024-02-12 15:43:16.962,3.0
-0.8704,-0.1055,0.2053,-26.7563,34.5688,-47.4625,2024-02-12 15:43:16.978,3.0
-1.1377,-0.2629,0.1189,-20.7748,40.2985,-77.446,2024-02-12 15:43:16.994,3.0
-1.3638,-0.4458,0.0791,-16.8686,22.8882,-80.4367,2024-02-12 15:43:17.010,3.0
-1.4541,-0.4858,0.2285,13.176,-15.9912,-67.7795,2024-02-12 15:43:17.034,3.0
-1.2852,-0.5486,-0.0735,36.1252,-51.2085,-43.4875,2024-02-12 15:43:17.050,3.0
-0.9534,-0.3997,-0.3826,32.0969,-63.0264,-25.8484,2024-02-12 15:43:17.067,3.0
-0.6885,-0.1284,-0.4167,5.8746,-66.6122,-6.813,2024-02-12 15:43:17.083,3.0
-0.4448,0.0134,-0.2454,-12.2452,-38.5666,13.7787,2024-02-12 15:43:17.099,3.0
-0.417,0.1033,-0.0869,-18.3411,18.0511,16.7694,2024-02-12 15:43:17.123,3.0
-0.6885,0.0608,-0.0417,-18.6157,80.3909,8.6212,2024-02-12 15:43:17.140,3.0
-1.0586,-0.0364,-0.0896,-17.5247,104.5685,0.7324,2024-02-12 15:43:17.156,3.0
-1.395,-0.1086,-0.0505,-24.8184,57.6935,17.0364,2024-02-12 15:43:17.183,3.0
-1.2346,-0.2139,0.0125,-19.6991,-20.8206,46.9742,2024-02-12 15:43:17.199,3.0
-0.8652,-0.2478,-0.0774,-21.6446,-46.0739,53.8025,2024-02-12 15:43:17.216,3.0
-0.6526,-0.2471,-0.05,-22.5754,-23.5825,51.3382,2024-02-12 15:43:17.240,3.0
-0.6174,-0.1619,0.0283,-21.7361,11.261,50.2319,2024-02-12 15:43:17.248,3.0
-0.7163,-0.0891,0.1082,-17.6697,32.6233,49.3393,2024-02-12 15:43:17.264,3.0
-0.8394,-0.031,0.1067,-10.6125,27.7481,52.7954,2024-02-12 15:43:17.290,3.0
-0.8069,0.0112,0.0588,-10.2997,4.0054,54.2221,2024-02-12 15:43:17.306,3.0
-0.7107,0.0083,0.075,-11.2076,-23.2925,51.9943,2024-02-12 15:43:17.322,3.0
-0.592,-0.0034,0.0754,-10.9329,-38.5208,46.8369,2024-02-12 15:43:17.338,3.0
-0.4736,0.0234,0.0886,-10.4446,-36.8805,39.8331,2024-02-12 15:43:17.354,3.0
-0.3657,0.0718,0.1165,-11.3602,-17.4408,28.1372,2024-02-12 15:43:17.378,3.0
-0.373,0.0774,0.1587,-11.1008,5.6076,14.4501,2024-02-12 15:43:17.395,3.0
-0.4514,0.1116,0.2478,-6.7978,28.9536,-0.0534,2024-02-12 15:43:17.412,3.0
-0.5698,0.1201,0.2444,-3.9902,34.462,-11.1542,2024-02-12 15:43:17.436,3.0
-0.7083,0.0872,0.2041,-6.4697,29.5334,-17.6392,2024-02-12 15:43:17.452,3.0
-0.8484,0.0703,0.156,-10.0327,14.74,-16.716,2024-02-12 15:43:17.469,3.0
-0.8596,0.103,0.0432,-15.5182,-3.8223,-6.9199,2024-02-12 15:43:17.493,3.0
-0.8008,0.1392,-0.0588,-24.2157,2.0523,-4.2496,2024-02-12 15:43:17.503,3.0
-0.9014,0.1472,-0.0625,-31.105,35.3394,-2.037,2024-02-12 15:43:17.527,3.0
-1.0952,0.0476,0.0337,-37.0483,60.0662,6.8893,2024-02-12 15:43:17.543,3.0
-1.1211,-0.1025,0.3154,-31.9901,42.0456,10.3455,2024-02-12 15:43:17.559,3.0
-1.1196,-0.1118,0.51,-7.7438,27.8549,3.0594,2024-02-12 15:43:17.583,3.0
-1.2009,-0.0002,0.189,17.5934,57.7545,12.3749,2024-02-12 15:43:17.599,3.0
-1.4648,-0.1211,0.1082,15.7623,85.9299,19.3787,2024-02-12 15:43:17.616,3.0
-1.6062,0.1794,-0.1472,22.1939,48.8968,48.7213,2024-02-12 15:43:17.632,3.0
-1.2588,0.3699,-0.6218,1.0071,-11.8713,52.6428,2024-02-12 15:43:17.649,3.0
-1.1567,0.2598,-0.4966,-22.0642,-60.0891,51.2161,2024-02-12 15:43:17.673,3.0
-0.7791,0.072,-0.3665,-26.7029,-82.1381,51.3992,2024-02-12 15:43:17.699,3.0
-0.4856,-0.0354,-0.2759,-25.3677,-86.0443,35.141,2024-02-12 15:43:17.708,3.0
-0.2439,-0.103,-0.075,-21.1334,-71.7697,5.2185,2024-02-12 15:43:17.732,3.0
-0.2844,-0.0891,0.1533,-9.7733,-34.8434,-17.2195,2024-02-12 15:43:17.748,3.0
-0.4956,-0.1497,0.1829,5.5389,24.1165,-30.6473,2024-02-12 15:43:17.765,3.0
-0.8762,-0.146,-0.0886,13.2828,87.8372,-29.7318,2024-02-12 15:43:17.789,3.0
-1.1479,-0.1035,-0.2593,12.2375,91.8198,-27.0844,2024-02-12 15:43:17.797,3.0
-1.1453,0.031,-0.3247,-7.5302,8.8577,-36.8729,2024-02-12 15:43:17.823,3.0
-1.0884,0.0813,-0.1545,-15.0604,-63.0341,-44.3573,2024-02-12 15:43:17.865,3.0
-0.8469,0.1223,-0.0537,-14.2746,-82.8476,-44.6396,2024-02-12 15:43:17.865,3.0
-0.6265,0.1177,-0.1309,-17.2577,-67.7643,-49.1104,2024-02-12 15:43:17.872,3.0
-0.4849,0.0388,-0.1438,-28.3203,-38.6047,-55.9769,2024-02-12 15:43:17.889,3.0
-0.5698,-0.0757,-0.0742,-36.1633,-4.3259,-58.7692,2024-02-12 15:43:17.914,3.0
-0.6956,-0.1853,0.0647,-36.232,10.5286,-54.1534,2024-02-12 15:43:17.922,3.0
-0.7898,-0.2217,0.1108,-31.0822,4.1809,-47.1191,2024-02-12 15:43:17.939,3.0
-0.7766,-0.1943,0.1008,-25.6424,-16.7084,-32.8903,2024-02-12 15:43:17.963,3.0
-0.6462,-0.1594,0.0583,-24.0326,-27.6337,-21.7667,2024-02-12 15:43:17.980,3.0
-0.5564,-0.1394,0.0801,-24.1776,-19.4397,-13.8321,2024-02-12 15:43:17.996,3.0
-0.5244,-0.1289,0.1248,-23.6282,7.988,-5.6915,2024-02-12 15:43:18.022,3.0
-0.5916,-0.1199,0.2312,-22.4686,30.9906,5.2338,2024-02-12 15:43:18.047,3.0
-0.6396,-0.0991,0.2446,-17.395,38.8184,17.7307,2024-02-12 15:43:18.063,3.0
-0.7537,-0.0962,0.2451,-9.0714,34.729,25.7187,2024-02-12 15:43:18.079,3.0
-0.895,-0.1431,0.1729,-5.867,21.286,18.8293,2024-02-12 15:43:18.103,3.0
-1.0093,-0.2231,0.1262,-3.334,2.9602,10.5515,2024-02-12 15:43:18.112,3.0
-0.937,-0.1255,0.0601,2.6474,-8.5144,3.4332,2024-02-12 15:43:18.128,3.0
-0.8826,0.0598,0.1418,2.2736,1.3123,-7.3776,2024-02-12 15:43:18.176,3.0
-0.8931,-0.1162,0.1772,0.0916,8.2397,-20.4544,2024-02-12 15:43:18.176,3.0
-0.9148,-0.2412,0.2148,-1.6479,3.2272,-20.6451,2024-02-12 15:43:18.184,3.0
-0.8545,-0.3599,0.0645,-4.5624,20.9351,-22.3694,2024-02-12 15:43:18.200,3.0
-1.1335,-0.1641,0.229,2.1744,47.2794,-47.0352,2024-02-12 15:43:18.224,3.0
-1.3049,-0.406,-0.0518,7.37,29.0985,-57.8461,2024-02-12 15:43:18.232,3.0
-1.272,-0.5754,-0.0298,10.9329,-7.3776,-65.2618,2024-02-12 15:43:18.257,3.0
-1.1631,-0.5234,0.1016,38.2767,-46.4478,-65.5212,2024-02-12 15:43:18.273,3.0
-0.9912,-0.4075,-0.1963,48.7137,-72.3038,-46.4706,2024-02-12 15:43:18.290,3.0
-0.728,-0.1516,-0.24,38.8947,-75.882,-32.7988,2024-02-12 15:43:18.306,3.0
-0.499,0.0168,-0.1663,15.0681,-57.7545,-9.8953,2024-02-12 15:43:18.325,3.0
-0.4551,0.0986,0.1606,9.2621,-4.5853,3.1357,2024-02-12 15:43:18.350,3.0
-0.7212,0.0352,0.1667,20.7291,55.7022,15.831,2024-02-12 15:43:18.366,3.0
-0.9724,-0.075,-0.0278,26.1154,81.2073,16.2964,2024-02-12 15:43:18.382,3.0
-1.2749,-0.1572,-0.0776,20.5154,57.3349,15.0375,2024-02-12 15:43:18.399,3.0
-1.3499,-0.2539,0.0845,25.9857,-4.1504,32.7911,2024-02-12 15:43:18.416,3.0
-1.1062,-0.2678,0.0083,33.1345,-37.3993,41.6794,2024-02-12 15:43:18.441,3.0
-0.8948,-0.2356,0.0273,37.323,-37.2849,45.0211,2024-02-12 15:43:18.457,3.0
-0.804,-0.1379,-0.0012,45.7916,-17.0059,48.2559,2024-02-12 15:43:18.474,3.0
-0.8052,-0.0657,-0.0337,51.3458,-2.7924,49.0036,2024-02-12 15:43:18.490,3.0
-0.8027,-0.0168,-0.0952,54.2526,-2.0447,48.2407,2024-02-12 15:43:18.507,3.0
-0.8054,-0.0266,-0.0527,56.1218,-6.6757,48.7366,2024-02-12 15:43:18.531,3.0
-0.7314,-0.0566,-0.0408,59.1812,-9.9716,48.1491,2024-02-12 15:43:18.549,3.0
-0.6294,-0.0347,-0.0547,61.6302,-9.7656,45.0897,2024-02-12 15:43:18.565,3.0
-0.48,0.0417,-0.0505,59.5322,-7.8583,36.3388,2024-02-12 15:43:18.590,3.0
-0.4023,0.0896,-0.0139,56.8008,9.14,24.3301,2024-02-12 15:43:18.598,3.0
-0.3782,0.0923,0.03,53.9474,35.6674,7.7972,2024-02-12 15:43:18.622,3.0
-0.4402,0.0964,0.0767,52.1927,52.7573,-3.83,2024-02-12 15:43:18.639,3.0
-0.5374,0.1052,0.1489,50.6287,56.633,-14.2288,2024-02-12 15:43:18.655,3.0
-0.6792,0.0874,0.2163,45.5322,43.5562,-21.4462,2024-02-12 15:43:18.671,3.0
-0.8015,0.0696,0.2422,42.1524,22.5906,-21.9116,2024-02-12 15:43:18.687,3.0
-0.8591,0.1711,0.0796,37.735,-1.503,-10.5286,2024-02-12 15:43:18.711,3.0
-0.8208,0.125,-0.1541,20.2789,-2.1286,1.1063,2024-02-12 15:43:18.735,3.0
-0.8064,0.166,-0.1692,0.412,14.7858,0.9689,2024-02-12 15:43:18.743,3.0
-0.949,0.0691,0.0581,-14.5264,51.6205,0.0458,2024-02-12 15:43:18.759,3.0
-1.1165,-0.0161,0.3193,-11.1389,68.3365,5.1422,2024-02-12 15:43:18.783,3.0
-1.0862,-0.0513,0.3225,-2.3041,48.5992,3.9597,2024-02-12 15:43:18.807,3.0
-1.0581,0.1218,0.2019,0.0305,32.9056,3.5706,2024-02-12 15:43:18.815,3.0
-1.1079,0.1506,0.2036,-6.6757,47.8668,7.9727,2024-02-12 15:43:18.840,3.0
-1.2732,0.0381,0.312,-7.2327,63.6749,13.382,2024-02-12 15:43:18.859,3.0
-1.3262,0.1152,0.1562,0.2823,45.7306,28.1754,2024-02-12 15:43:18.867,3.0
-1.1689,0.2571,-0.2307,-6.0272,1.8234,36.5295,2024-02-12 15:43:18.891,3.0
-1.0361,0.2795,-0.5022,-18.2343,-33.783,47.6379,2024-02-12 15:43:18.915,3.0
-0.8074,0.0063,-0.4905,-34.4238,-70.4498,57.7164,2024-02-12 15:43:18.923,3.0
-0.5278,-0.2498,-0.1777,-39.7644,-105.8044,53.0396,2024-02-12 15:43:18.943,3.0
-0.241,-0.2852,-0.0647,-30.3497,-107.8568,30.1208,2024-02-12 15:43:18.959,3.0
-0.2166,-0.1726,-0.0366,-19.8135,-70.1294,-4.509,2024-02-12 15:43:18.984,3.0
-0.4585,-0.0525,-0.0649,-17.8528,-25.5127,-23.6816,2024-02-12 15:43:19.001,3.0
-0.7292,0.0342,-0.1572,-16.7542,10.7803,-28.5263,2024-02-12 15:43:19.025,3.0
-0.9495,0.0552,-0.1135,-27.5803,22.9034,-29.7318,2024-02-12 15:43:19.033,3.0
-1.0781,0.0947,-0.1616,-35.7437,10.7727,-31.1432,2024-02-12 15:43:19.058,3.0
-1.0212,0.1133,-0.1504,-42.3431,-6.8436,-31.1432,2024-02-12 15:43:19.074,3.0
-0.9136,0.0366,-0.1318,-51.8341,4.2038,-34.9655,2024-02-12 15:43:19.091,3.0
-0.8979,-0.054,-0.1724,-58.5022,39.8407,-44.5251,2024-02-12 15:43:19.116,3.0
-1.0161,-0.1125,-0.1514,-63.5605,67.9016,-60.5469,2024-02-12 15:43:19.124,3.0
-1.2988,-0.0798,-0.1228,-68.0695,82.3364,-69.5801,2024-02-12 15:43:19.149,3.0
-1.5022,-0.0886,0.0486,-68.0542,74.4324,-63.0722,2024-02-12 15:43:19.165,3.0
-1.4683,-0.1804,0.2537,-58.7769,52.3682,-48.7595,2024-02-12 15:43:19.189,3.0
-1.1489,-0.2502,0.2881,-43.5181,21.3089,-35.8658,2024-02-12 15:43:19.207,3.0
-0.804,-0.2422,0.1812,-28.7933,-7.7972,-21.1258,2024-02-12 15:43:19.223,3.0
-0.6021,-0.3,0.1433,-23.3383,-10.5591,-11.4365,2024-02-12 15:43:19.239,3.0
-0.5103,-0.3215,0.2393,-17.4866,-10.7346,-2.8381,2024-02-12 15:43:19.257,3.0
-0.4353,-0.2495,0.3704,0.3281,-27.1225,4.6997,2024-02-12 15:43:19.282,3.0
-0.3965,-0.1548,0.3311,17.5018,-53.978,13.2904,2024-02-12 15:43:19.290,3.0
-0.292,-0.2263,0.0928,27.8702,-71.2738,18.1122,2024-02-12 15:43:19.316,3.0
-0.1262,-0.2346,-0.0728,25.0626,-76.3245,8.5602,2024-02-12 15:43:19.333,3.0
-0.071,-0.125,-0.146,19.8517,-47.5235,-0.6866,2024-02-12 15:43:19.373,3.0
-0.1707,-0.0139,-0.1089,12.0392,5.9128,-17.334,2024-02-12 15:43:19.373,3.0
-0.406,0.0256,-0.1101,1.1292,40.1611,-37.0712,2024-02-12 15:43:19.382,3.0
-0.6907,-0.1089,-0.2195,-17.8833,45.578,-68.4738,2024-02-12 15:43:19.398,3.0
-1.1689,-0.1553,-0.2488,-3.9215,37.2925,-103.9352,2024-02-12 15:43:19.423,3.0
-1.8621,-0.061,-0.2412,-5.3558,-12.2528,-75.2029,2024-02-12 15:43:19.440,3.0
-1.4807,-0.3467,-0.2187,-13.8931,-74.501,-10.3607,2024-02-12 15:43:19.457,3.0
-0.6331,-0.2383,-0.4116,-31.5552,-101.181,-20.6451,2024-02-12 15:43:19.482,3.0
-0.7791,-0.0217,-0.0498,-43.8614,-37.4756,-34.3628,2024-02-12 15:43:19.498,3.0
-1.1367,-0.0693,0.0967,-15.5029,9.3155,-19.9051,2024-02-12 15:43:19.515,3.0
-1.2827,-0.2075,-0.1428,16.0141,26.9089,-2.7313,2024-02-12 15:43:19.530,3.0
-1.3162,-0.2864,-0.1348,14.1602,9.9411,2.3727,2024-02-12 15:43:19.555,3.0
-1.293,-0.3452,0.1987,27.7328,-13.9694,12.0087,2024-02-12 15:43:19.571,3.0
-1.2,-0.3496,0.1567,50.2853,-25.3143,22.8271,2024-02-12 15:43:19.603,3.0
-1.1394,-0.2415,-0.0015,60.4019,-21.1945,31.2042,2024-02-12 15:43:19.611,3.0
-1.1111,-0.1858,-0.0386,66.597,-12.9166,35.5453,2024-02-12 15:43:19.619,3.0
-1.0908,-0.1274,0.0376,75.2029,-9.9564,42.9001,2024-02-12 15:43:19.635,3.0
-1.02,-0.0461,0.0259,83.2596,-19.5923,55.809,2024-02-12 15:43:19.660,3.0
-0.8057,-0.0054,-0.0688,84.8007,-25.0626,64.5981,2024-02-12 15:43:19.680,3.0
-0.5398,0.0312,-0.147,77.5299,-22.7127,58.9142,2024-02-12 15:43:19.696,3.0
-0.4153,0.0154,-0.1062,66.9479,-4.6616,41.8701,2024-02-12 15:43:19.713,3.0
-0.4443,0.0225,0.0796,59.7687,20.1111,29.6173,2024-02-12 15:43:19.729,3.0
-0.5034,0.0513,0.189,59.1965,36.5295,22.9187,2024-02-12 15:43:19.752,3.0
-0.5139,0.0354,0.094,55.4047,38.414,19.5313,2024-02-12 15:43:19.761,3.0
-0.5002,0.0547,0.0498,39.2761,31.3873,13.4354,2024-02-12 15:43:19.785,3.0
-0.4272,0.115,0.1011,21.5759,28.9459,4.1809,2024-02-12 15:43:19.801,3.0
-0.405,0.2102,0.2351,2.9526,33.1039,-6.5384,2024-02-12 15:43:19.941,3.0
-0.4675,0.2344,0.2488,-9.3002,40.5884,-12.8326,2024-02-12 15:43:19.941,3.0
-0.561,0.3584,0.1135,-21.3623,47.9736,-10.2005,2024-02-12 15:43:19.941,3.0
-0.6785,0.3875,-0.0298,-41.7709,56.3278,-7.7896,2024-02-12 15:43:19.941,3.0
-0.7935,0.3582,-0.0999,-63.6215,54.5731,-6.546,2024-02-12 15:43:19.949,3.0
-0.9395,0.1863,-0.0671,-83.9081,37.5443,-2.2354,2024-02-12 15:43:19.949,3.0
-0.9841,0.0237,0.0579,-94.5358,23.7198,2.0065,2024-02-12 15:43:19.949,3.0
-1.0034,-0.1125,0.1792,-90.4617,17.7841,1.8234,2024-02-12 15:43:19.949,3.0
-1.0005,-0.1809,0.2175,-78.2928,12.9166,-0.1221,2024-02-12 15:43:19.949,3.0
-1.0361,0.0725,0.0417,-57.2433,30.365,2.2659,2024-02-12 15:43:19.974,3.0
-1.3457,0.0989,-0.1946,-54.7485,76.5228,7.2479,2024-02-12 15:43:19.998,3.0
-1.7803,0.0645,-0.2041,-55.5115,85.2432,32.3105,2024-02-12 15:43:20.007,3.0
-1.5986,0.084,-0.6003,-63.446,7.3853,60.7529,2024-02-12 15:43:20.132,3.0
-1.0337,-0.0662,-0.584,-77.2324,-121.5057,45.4559,2024-02-12 15:43:20.132,3.0
-0.6631,-0.2444,-0.199,-73.967,-188.9267,45.1126,2024-02-12 15:43:20.132,3.0
-0.1228,-0.342,0.0959,-59.3948,-174.7437,35.4462,2024-02-12 15:43:20.140,3.0
0.1147,-0.3406,0.2322,-33.165,-80.6885,-0.7401,2024-02-12 15:43:20.140,3.0
-0.2429,-0.1831,0.0151,-5.5847,67.5735,-33.989,2024-02-12 15:43:20.140,3.0
-0.8569,-0.033,-0.0625,0.1602,161.293,-44.1513,2024-02-12 15:43:20.140,3.0
-1.4543,0.2205,-0.2434,-10.2463,152.1759,-42.4042,2024-02-12 15:43:20.140,3.0
-1.1921,0.1824,-0.3652,-42.7094,-2.5558,-44.6472,2024-02-12 15:43:20.182,3.0
-1.3948,0.1011,-0.1482,-40.2374,-122.5815,-30.5634,2024-02-12 15:43:20.182,3.0
-0.8298,0.0994,-0.1113,-43.3502,-135.6354,-24.6658,2024-02-12 15:43:20.199,3.0
-0.4714,-0.0356,-0.0405,-45.6314,-78.5065,-34.8969,2024-02-12 15:43:20.323,3.0
-0.394,-0.165,-0.0691,-44.9753,-10.7956,-52.8793,2024-02-12 15:43:20.323,3.0
-0.6035,-0.2012,-0.0107,-46.4401,29.2053,-63.8123,2024-02-12 15:43:20.323,3.0
-0.8582,-0.2097,0.0503,-45.2652,34.8663,-64.415,2024-02-12 15:43:20.331,3.0
-0.9885,-0.1982,0.0967,-42.0609,15.1215,-57.3349,2024-02-12 15:43:20.331,3.0
-0.9805,-0.1726,0.1018,-38.2538,-22.3999,-44.2047,2024-02-12 15:43:20.331,3.0
-0.8052,-0.189,0.0706,-38.3301,-58.1131,-31.2042,2024-02-12 15:43:20.331,3.0
-0.6299,-0.1794,0.1125,-37.6205,-79.2618,-20.7748,2024-02-12 15:43:20.371,3.0
-0.3708,-0.0813,0.0244,-36.7508,-51.6205,-7.4615,2024-02-12 15:43:20.379,3.0
-0.2903,-0.0457,0.04,-36.8729,3.418,0.2899,2024-02-12 15:43:20.382,3.0
-0.3164,-0.1001,0.1045,-35.141,46.7834,9.0714,2024-02-12 15:43:20.398,3.0
-0.4961,-0.208,0.2412,-28.5873,74.1959,23.5138,2024-02-12 15:43:20.423,3.0
-0.6863,-0.2727,0.3005,-12.764,85.144,34.7672,2024-02-12 15:43:20.464,3.0
-0.8318,-0.4148,0.2014,-5.9586,86.3647,31.2042,2024-02-12 15:43:20.472,3.0
-1.0347,-0.3291,0.1855,-6.34,80.3757,10.5743,2024-02-12 15:43:20.472,3.0
-1.248,-0.1455,0.1042,5.7068,60.5011,0.3204,2024-02-12 15:43:20.489,3.0
-1.2461,-0.009,-0.0037,20.7062,8.8577,-1.8463,2024-02-12 15:43:20.621,3.0
-1.0898,-0.1174,0.2187,11.94,-37.941,-11.1313,2024-02-12 15:43:20.621,3.0
-0.9504,-0.1504,0.3748,13.7939,-45.3033,-11.4288,2024-02-12 15:43:20.621,3.0
-0.7961,-0.0569,0.158,8.7357,-19.3558,-7.7896,2024-02-12 15:43:20.629,3.0
-0.8301,-0.002,0.0757,0.8774,26.062,-13.7405,2024-02-12 15:43:20.629,3.0
-1.0525,0.0447,0.1401,-7.309,46.9284,-25.1999,2024-02-12 15:43:20.629,3.0
-1.1628,-0.2231,0.0864,-17.6239,31.4255,-38.3606,2024-02-12 15:43:20.629,3.0
-1.2615,-0.4009,0.1787,-4.7531,3.8834,-38.5056,2024-02-12 15:43:20.637,3.0
-0.8943,-0.4563,-0.0037,16.1209,-33.7982,-43.3197,2024-02-12 15:43:20.716,3.0
-0.894,-0.2075,-0.0142,13.5727,-37.2543,-44.5786,2024-02-12 15:43:20.716,3.0
-0.8606,-0.1577,-0.0291,7.0801,-42.2058,-30.22,2024-02-12 15:43:20.716,3.0
-0.6909,-0.1641,-0.1309,0.8545,-54.7409,-9.5901,2024-02-12 15:43:20.716,3.0
-0.49,-0.0564,-0.1379,-9.1095,-61.4929,-0.5264,2024-02-12 15:43:20.724,3.0
-0.3982,0.0618,-0.0767,-14.7018,-42.9993,-3.0212,2024-02-12 15:43:20.766,3.0
-0.4548,0.1553,-0.0244,-12.291,9.7275,-9.7656,2024-02-12 15:43:20.774,3.0
-0.7148,0.1914,-0.0894,-12.1231,65.0406,-18.0664,2024-02-12 15:43:20.774,3.0
-1.0891,0.1155,-0.053,-19.6915,90.4617,-14.9612,2024-02-12 15:43:20.790,3.0
-1.3318,-0.0691,0.0244,-19.2566,66.8182,-2.2049,2024-02-12 15:43:20.807,3.0
-1.3604,-0.2095,0.0293,-15.1672,16.0522,13.3362,2024-02-12 15:43:21.014,3.0
-1.2837,-0.2336,0.0398,-8.9874,-23.0331,23.7808,2024-02-12 15:43:21.022,3.0
-1.1587,-0.2329,-0.0232,-0.6485,-27.6642,36.1938,2024-02-12 15:43:21.022,3.0
-1.0566,-0.1802,-0.0547,6.1569,-13.5803,46.5851,2024-02-12 15:43:21.022,3.0
-0.9988,-0.113,-0.0471,9.7427,-8.5983,55.481,2024-02-12 15:43:21.022,3.0
-0.938,-0.0278,-0.0229,13.3743,-20.4697,63.4003,2024-02-12 15:43:21.022,3.0
-0.8308,0.0312,-0.03,17.7765,-35.6522,69.7021,2024-02-12 15:43:21.022,3.0
-0.6531,0.0491,-0.0349,20.4391,-41.9464,71.8002,2024-02-12 15:43:21.022,3.0
-0.4456,0.0645,-0.0117,21.9269,-35.4996,65.1398,2024-02-12 15:43:21.070,3.0
-0.6326,0.0603,0.2268,15.9073,36.087,-19.1879,2024-02-12 15:43:21.078,3.0
-0.7107,0.0073,0.2742,13.5803,24.3759,-20.4239,2024-02-12 15:43:21.086,3.0
-0.8369,0.0139,0.2432,12.2375,24.9405,-23.5519,2024-02-12 15:43:21.144,3.0
-1.0171,0.0278,0.1777,10.994,16.8839,-18.1351,2024-02-12 15:43:21.144,3.0
-1.0356,0.0801,-0.0479,5.0659,2.6398,-1.6861,2024-02-12 15:43:21.152,3.0
-1.0222,0.0308,-0.0405,-2.6093,28.7628,3.8223,2024-02-12 15:43:21.168,3.0
-1.0627,-0.0535,0.1384,2.2507,40.6189,-1.6479,2024-02-12 15:43:21.192,3.0
-1.1355,-0.0916,0.2393,15.4114,36.3007,-4.509,2024-02-12 15:43:21.200,3.0
-1.2913,-0.0432,0.2249,32.7148,50.3387,2.9526,2024-02-12 15:43:21.224,3.0
-1.4104,-0.0105,0.1733,40.4053,58.815,9.5901,2024-02-12 15:43:21.355,3.0
-1.4927,0.2761,-0.1372,40.741,32.2647,27.8549,2024-02-12 15:43:21.363,3.0
-1.3779,0.425,-0.4033,15.625,-14.267,42.6102,2024-02-12 15:43:21.363,3.0
-1.1936,0.449,-0.406,-1.9531,-44.1055,53.5812,2024-02-12 15:43:21.363,3.0
-0.905,0.2451,-0.3694,-14.5645,-53.5583,53.8712,2024-02-12 15:43:21.363,3.0
-0.7156,0.0759,-0.1284,-16.8915,-67.3599,41.5115,2024-02-12 15:43:21.363,3.0
-0.4641,-0.0454,-0.0891,-15.3122,-84.3964,22.9721,2024-02-12 15:43:21.363,3.0
-0.3469,-0.1304,-0.0225,-6.8512,-89.5767,5.7297,2024-02-12 15:43:21.363,3.0
-0.293,-0.1841,-0.0042,1.6327,-67.7567,-11.2534,2024-02-12 15:43:21.372,3.0
-0.4021,-0.1499,-0.0439,9.5749,-3.7308,-23.1934,2024-02-12 15:43:21.416,3.0
-0.7332,-0.136,-0.0669,12.2681,77.4612,-19.9203,2024-02-12 15:43:21.416,3.0
-0.8967,-0.1072,-0.0874,12.3825,99.4949,-15.6403,2024-02-12 15:43:21.423,3.0
-1.0808,-0.1296,-0.1206,10.2158,53.2684,-21.7972,2024-02-12 15:43:21.461,3.0
-1.1506,-0.0645,-0.145,6.9199,-11.7188,-22.5143,2024-02-12 15:43:21.573,3.0
-0.9529,0.0054,-0.2017,2.0752,-55.0232,-24.6124,2024-02-12 15:43:21.573,3.0
-0.7627,-0.0156,-0.1345,-4.1962,-64.9033,-29.2358,2024-02-12 15:43:21.573,3.0
-0.627,-0.0691,-0.0986,-8.4076,-51.4297,-36.0947,2024-02-12 15:43:21.573,3.0
-0.6016,-0.1038,-0.1331,-13.5498,-26.4893,-42.0685,2024-02-12 15:43:21.573,3.0
-0.6377,-0.1028,-0.1853,-21.7514,-6.7749,-43.9987,2024-02-12 15:43:21.581,3.0
-0.7917,-0.1008,-0.0242,-29.3884,6.0196,-44.9905,2024-02-12 15:43:21.581,3.0
-0.8506,-0.095,0.0269,-32.692,4.1046,-45.1813,2024-02-12 15:43:21.589,3.0
-0.8879,-0.0901,0.0618,-31.0745,-11.9171,-32.3257,2024-02-12 15:43:21.623,3.0
-0.8418,-0.1123,0.085,-29.1824,-16.9678,-21.1029,2024-02-12 15:43:21.633,3.0
-0.7744,-0.1172,0.0986,-27.4353,-13.237,-11.3373,2024-02-12 15:43:21.641,3.0
-0.7058,-0.1025,0.1313,-26.0925,-0.6256,-2.3804,2024-02-12 15:43:21.747,3.0
-0.675,-0.1018,0.2212,-22.8195,8.1482,7.0877,2024-02-12 15:43:21.747,3.0
-0.6797,-0.1028,0.3062,-15.0757,13.5193,17.2577,2024-02-12 15:43:21.747,3.0
-0.7119,-0.1343,0.3223,-5.8365,16.0446,26.7868,2024-02-12 15:43:21.755,3.0
-0.7373,-0.1865,0.3101,2.7466,13.3438,32.0892,2024-02-12 15:43:21.755,3.0
-0.7786,-0.2617,0.2971,8.316,3.952,31.0669,2024-02-12 15:43:21.755,3.0
-0.8149,-0.2681,0.2795,13.7253,-7.6065,22.438,2024-02-12 15:43:21.763,3.0
-0.8796,-0.0901,0.1643,6.546,-14.9765,10.1318,2024-02-12 15:43:21.780,3.0
-0.8352,0.1106,0.05,9.4376,-13.7634,4.7836,2024-02-12 15:43:21.804,3.0
-0.8135,0.095,0.0222,3.3493,-8.6441,-9.1095,2024-02-12 15:43:21.820,3.0
-0.8335,0.0005,0.1965,-7.9575,-5.4092,-12.6801,2024-02-12 15:43:21.836,3.0
-0.8174,0.0288,0.3308,-12.6266,4.9515,-9.9411,2024-02-12 15:43:21.853,3.0
-0.6829,-0.0752,0.1052,-25.2533,12.352,-11.1923,2024-02-12 15:43:21.969,3.0
-0.8201,-0.1531,0.1797,-42.1982,36.7889,-39.299,2024-02-12 15:43:21.977,3.0
-1.1338,-0.2346,0.2871,-41.3284,44.2886,-67.6575,2024-02-12 15:43:21.977,3.0
-1.3892,-0.5261,0.1277,-38.6887,24.7498,-63.9496,2024-02-12 15:43:21.977,3.0
-1.3975,-0.5398,0.1306,-17.8604,6.691,-62.9349,2024-02-12 15:43:21.977,3.0
-1.4285,-0.5149,0.0437,7.4387,-30.4947,-62.1796,2024-02-12 15:43:21.985,3.0
-1.3403,-0.2271,-0.1497,20.2637,-77.0035,-37.0483,2024-02-12 15:43:21.985,3.0
-0.8677,-0.103,-0.3748,7.0572,-113.739,-14.8468,2024-02-12 15:43:21.985,3.0
-0.4294,-0.0532,-0.3831,-25.4822,-107.8796,10.498,2024-02-12 15:43:22.009,3.0
-0.2671,0.0295,-0.0388,-43.7851,-54.1,30.9448,2024-02-12 15:43:22.049,3.0
-0.4092,-0.0105,0.0891,-33.6914,29.1367,31.3492,2024-02-12 15:43:22.049,3.0
-0.6533,0.0078,0.0208,-25.3525,95.5048,-2.3422,2024-02-12 15:43:22.150,3.0
-1.2971,-0.0708,-0.0217,-15.2512,101.7532,-16.2048,2024-02-12 15:43:22.150,3.0
-1.5186,-0.251,-0.0928,0.1144,22.7203,12.4435,2024-02-12 15:43:22.150,3.0
-1.1699,-0.2827,-0.1511,9.5749,-63.2553,33.844,2024-02-12 15:43:22.150,3.0
-0.8091,-0.3608,-0.0635,14.2822,-83.1375,35.1715,2024-02-12 15:43:22.150,3.0
-0.6252,-0.4214,0.073,26.6113,-40.0696,33.638,2024-02-12 15:43:22.158,3.0
-0.6394,-0.3574,0.093,43.9453,19.9203,33.3405,2024-02-12 15:43:22.166,3.0
-0.8174,-0.2156,0.0037,57.0145,52.3453,36.6287,2024-02-12 15:43:22.199,3.0
-0.9954,-0.1082,-0.0276,62.4084,41.2979,39.3448,2024-02-12 15:43:22.199,3.0
-1.0422,-0.0413,-0.0098,65.7806,12.4969,43.3044,2024-02-12 15:43:22.207,3.0
-0.9163,0.0002,0.0339,70.961,-16.0904,45.6161,2024-02-12 15:43:22.239,3.0
-0.7004,0.0078,0.0403,73.4787,-22.8653,42.7704,2024-02-12 15:43:22.247,3.0
-0.5291,0.0054,0.0244,74.1882,-13.4201,34.8663,2024-02-12 15:43:22.353,3.0
-0.4624,0.0242,0.0115,72.4335,10.8795,21.6675,2024-02-12 15:43:22.353,3.0
-0.4927,0.0369,0.032,69.2673,28.5187,11.1313,2024-02-12 15:43:22.353,3.0
-0.5544,0.0955,0.0737,64.1327,33.5922,5.6381,2024-02-12 15:43:22.353,3.0
-0.5928,0.1489,0.1045,57.8384,31.2424,-0.7019,2024-02-12 15:43:22.353,3.0
-0.5903,0.1604,0.1353,48.1567,22.9568,-9.1476,2024-02-12 15:43:22.361,3.0
-0.6934,0.1121,0.2439,38.3606,16.6931,-13.9084,2024-02-12 15:43:22.369,3.0
-0.7507,0.0884,0.293,31.6391,5.2948,-12.8937,2024-02-12 15:43:22.386,3.0
-0.8115,0.1858,0.2649,29.6097,-5.4092,-9.285,2024-02-12 15:43:22.410,3.0
-0.8074,0.2354,-0.0095,22.3694,-6.34,-3.9902,2024-02-12 15:43:22.426,3.0
-0.7737,0.2285,-0.1604,3.8528,-0.5798,1.0376,2024-02-12 15:43:22.445,3.0
-0.7673,0.0605,-0.0347,-15.7623,19.4397,-3.5248,2024-02-12 15:43:22.461,3.0
-0.9485,-0.0759,0.2366,-18.2343,52.6733,-5.4398,2024-02-12 15:43:22.477,3.0
-1.0547,-0.1333,0.3967,-5.9204,54.0619,-9.3613,2024-02-12 15:43:22.574,3.0
-1.1191,-0.1526,0.4592,6.3095,36.9797,-10.4752,2024-02-12 15:43:22.574,3.0
-1.0481,-0.1489,0.4358,21.4462,14.3661,-7.1487,2024-02-12 15:43:22.574,3.0
-0.981,-0.0742,0.2756,35.6445,12.4054,-2.0142,2024-02-12 15:43:22.574,3.0
-1.0286,-0.113,0.0974,39.0091,32.692,-0.9995,2024-02-12 15:43:22.574,3.0
-1.2314,-0.0298,0.1406,41.748,42.8238,5.7449,2024-02-12 15:43:22.582,3.0
-1.2185,0.1597,-0.3098,42.4576,23.7885,19.1345,2024-02-12 15:43:22.598,3.0
-1.2156,0.3032,-0.5254,30.3955,7.309,32.8979,2024-02-12 15:43:22.623,3.0
-1.0688,0.2385,-0.5139,15.7166,-23.3383,51.9867,2024-02-12 15:43:22.631,3.0
-0.6558,-0.0859,-0.2866,4.4861,-71.0754,56.8619,2024-02-12 15:43:22.655,3.0
-0.2986,-0.3174,0.0901,10.582,-90.6525,40.7562,2024-02-12 15:43:22.679,3.0
-0.1953,-0.3201,0.3379,44.3954,-29.4876,0.8698,2024-02-12 15:43:22.760,3.0
-0.4917,-0.2004,0.1326,66.6733,62.9578,-26.2299,2024-02-12 15:43:22.760,3.0
-0.9026,-0.0388,-0.0518,69.2749,100.9903,-32.0816,2024-02-12 15:43:22.760,3.0
-1.3013,0.1221,-0.2661,55.7632,86.9217,-29.8767,2024-02-12 15:43:22.760,3.0
-1.4666,0.0857,-0.3059,26.7487,14.8773,-26.9241,2024-02-12 15:43:22.760,3.0
-1.3164,-0.0767,-0.0581,22.8424,-76.7822,-24.1089,2024-02-12 15:43:22.776,3.0
-0.936,-0.0027,-0.0771,27.2293,-109.642,-22.4075,2024-02-12 15:43:22.801,3.0
-0.5356,0.0974,-0.1829,14.4424,-83.3359,-31.8527,2024-02-12 15:43:22.817,3.0
-0.3926,0.1033,-0.2212,-3.0594,-46.1807,-41.893,2024-02-12 15:43:22.825,3.0
-0.4412,0.0049,-0.1123,-19.3787,-16.2201,-49.7818,2024-02-12 15:43:22.850,3.0
-0.6348,-0.1025,0.0066,-29.0375,4.3411,-51.5518,2024-02-12 15:43:22.866,3.0
-0.8254,-0.1777,0.042,-33.5999,14.2441,-46.4783,2024-02-12 15:43:22.999,3.0
-0.9255,-0.1912,0.0789,-38.5742,5.5237,-37.1933,2024-02-12 15:43:22.999,3.0
-0.8347,-0.1738,0.0867,-39.6423,-14.8773,-28.3432,2024-02-12 15:43:22.999,3.0
-0.7,-0.1252,0.0862,-38.9786,-25.8636,-20.5765,2024-02-12 15:43:23.007,3.0
-0.5857,-0.1028,0.1116,-38.4369,-18.9743,-14.5035,2024-02-12 15:43:23.007,3.0
-0.5161,-0.0718,0.1438,-36.2625,3.1586,-8.4,2024-02-12 15:43:23.007,3.0
-0.5342,-0.1028,0.2004,-32.074,30.159,0.1755,2024-02-12 15:43:23.007,3.0
-0.6013,-0.1465,0.2495,-25.2151,47.6456,10.3683,2024-02-12 15:43:23.015,3.0
-0.7192,-0.2166,0.2551,-14.4958,51.2238,19.1727,2024-02-12 15:43:23.015,3.0
-0.874,-0.2854,0.2209,1.8768,41.3666,22.85,2024-02-12 15:43:23.040,3.0
-0.9534,-0.3101,0.1914,3.6469,22.7661,16.8915,2024-02-12 15:43:23.058,3.0
-0.9973,-0.2129,0.1536,1.1978,8.316,3.8071,2024-02-12 15:43:23.075,3.0
-1.0266,0.0076,-0.0103,1.5411,-0.0534,-3.1128,2024-02-12 15:43:23.204,3.0
-0.9338,0.1245,-0.1016,-10.376,-4.303,-12.6343,2024-02-12 15:43:23.204,3.0
-0.9744,0.1172,0.1333,-27.092,-3.9368,-18.3945,2024-02-12 15:43:23.204,3.0
-0.9807,0.1208,0.3374,-31.8375,1.2512,-13.7405,2024-02-12 15:43:23.204,3.0
-0.958,0.1599,0.3159,-37.8799,-4.5624,-6.9199,2024-02-12 15:43:23.204,3.0
-0.8054,-0.043,0.0605,-55.5344,-12.1231,-9.1476,2024-02-12 15:43:23.204,3.0
-0.8657,-0.199,0.0776,-70.0836,-2.0676,-28.0228,2024-02-12 15:43:23.204,3.0
-1.1038,-0.1567,0.2795,-63.4613,6.1111,-44.342,2024-02-12 15:43:23.212,3.0
-1.2437,-0.4126,0.1816,-56.366,-15.5411,-32.1503,2024-02-12 15:43:23.228,3.0
-1.1396,-0.4778,0.1035,-35.6674,-33.0353,-28.3127,2024-02-12 15:43:23.244,3.0
-1.0076,-0.6125,-0.042,-12.6953,-50.2014,-34.111,2024-02-12 15:43:23.268,3.0
-0.834,-0.4487,-0.1047,-0.8926,-64.8575,-33.6914,2024-02-12 15:43:23.285,3.0
-0.6094,-0.147,-0.2178,-9.3307,-81.1615,-32.3257,2024-02-12 15:43:23.351,3.0
-0.4399,-0.0164,-0.1091,-24.7726,-73.1125,-14.8926,2024-02-12 15:43:23.351,3.0
-0.3284,-0.0613,0.0698,-26.7715,-32.4326,2.3346,2024-02-12 15:43:23.351,3.0
-0.5027,-0.0786,0.1611,-22.049,28.6484,9.6283,2024-02-12 15:43:23.359,3.0
-0.72,-0.1157,0.1067,-16.8686,72.8989,4.1275,2024-02-12 15:43:23.367,3.0
-1.1743,-0.061,0.0374,-25.322,74.7757,-9.407,2024-02-12 15:43:23.457,3.0
-1.3838,-0.1211,-0.0447,-23.8876,27.4353,1.5793,2024-02-12 15:43:23.457,3.0
-1.2434,-0.1384,-0.1335,-24.5132,-11.0474,16.7007,2024-02-12 15:43:23.457,3.0
-1.0327,-0.1177,-0.0234,-29.4647,-22.0642,21.6293,2024-02-12 15:43:23.465,3.0
-0.9666,-0.135,0.0403,-22.1939,-5.4398,29.3655,2024-02-12 15:43:23.465,3.0
-0.9502,-0.1516,-0.0034,-10.9024,17.8833,42.5568,2024-02-12 15:43:23.473,3.0
-0.9231,-0.1431,-0.0635,-9.1629,23.8419,51.9867,2024-02-12 15:43:23.498,3.0
-0.9355,-0.1819,0.0508,-6.7825,10.2386,51.3992,2024-02-12 15:43:23.514,3.0
-0.9375,-0.1704,0.2061,4.4403,-2.7542,53.8177,2024-02-12 15:43:23.531,3.0
-0.8064,-0.1052,0.1677,16.0904,-19.6991,55.2826,2024-02-12 15:43:23.556,3.0
-0.5864,-0.0171,0.0813,21.3623,-31.1813,48.9883,2024-02-12 15:43:23.572,3.0
-0.3801,0.0693,0.0654,20.2866,-34.5001,35.8276,2024-02-12 15:43:23.592,3.0
-0.2495,0.1047,0.1111,16.6931,-19.0201,16.3574,2024-02-12 15:43:23.606,3.0
-0.3274,0.0359,0.0681,15.4648,24.9176,-1.6174,2024-02-12 15:43:23.630,3.0
-0.5007,0.1484,0.1621,15.1367,50.209,-9.7504,2024-02-12 15:43:23.646,3.0
-0.6775,0.1582,0.0586,12.7716,45.8679,-8.1177,2024-02-12 15:43:23.663,3.0
-0.8379,0.0225,-0.0193,7.7133,35.0571,0.1602,2024-02-12 15:43:23.679,3.0
-0.9102,-0.1802,-0.0427,-2.8534,34.7061,0.2823,2024-02-12 15:43:23.704,3.0
-1.1047,-0.1992,0.238,1.7929,46.9589,3.83,2024-02-12 15:43:23.713,3.0
-1.179,-0.1094,0.3723,19.6304,44.7998,15.4495,2024-02-12 15:43:23.737,3.0
-0.9978,0.0366,0.2908,24.498,12.558,18.7149,2024-02-12 15:43:23.753,3.0
-0.8792,0.03,0.3618,22.9874,-8.2397,8.2474,2024-02-12 15:43:23.778,3.0
-0.8323,-0.0105,0.4751,27.153,-16.5634,-1.1902,2024-02-12 15:43:23.786,3.0
-0.7583,0.1245,0.439,36.2549,-18.1961,-5.3864,2024-02-12 15:43:23.811,3.0
-0.7131,0.291,-0.0095,42.3355,18.9743,-4.7531,2024-02-12 15:43:23.827,3.0
-1.2175,0.2847,-0.2371,28.4653,102.4857,-5.9433,2024-02-12 15:43:23.851,3.0
-1.5669,0.4038,-0.2332,13.5574,92.0181,21.2555,2024-02-12 15:43:23.867,3.0
-1.3489,0.3101,-0.645,-10.5286,-7.1793,39.2761,2024-02-12 15:43:23.875,3.0
-1.1001,0.0361,-0.6604,-41.8854,-93.7729,51.7044,2024-02-12 15:43:23.894,3.0
-0.5442,-0.2048,-0.3848,-53.3142,-124.1684,57.2357,2024-02-12 15:43:23.919,3.0
-0.1167,-0.2783,0.0222,-47.5693,-105.5374,36.4609,2024-02-12 15:43:23.943,3.0
-0.0898,-0.1716,0.3306,-16.2811,-43.0832,6.073,2024-02-12 15:43:23.951,3.0
-0.3918,-0.0596,0.158,6.8741,44.5786,-14.9155,2024-02-12 15:43:23.975,3.0
-0.8013,-0.0327,-0.0664,5.4855,89.1342,-30.1971,2024-02-12 15:43:23.994,3.0
-1.4712,-0.0918,-0.3069,-5.8365,122.3068,-27.832,2024-02-12 15:43:24.011,3.0
-1.4424,-0.1841,-0.1926,-17.4332,37.4069,-32.0587,2024-02-12 15:43:24.027,3.0
-1.2932,-0.1602,-0.0676,-11.6043,-110.2905,-28.6331,2024-02-12 15:43:24.043,3.0
-0.7026,0.0454,-0.0935,-10.4218,-154.5258,-19.3558,2024-02-12 15:43:24.059,3.0
-0.3296,0.1289,-0.0654,-17.1814,-111.6943,-24.4217,2024-02-12 15:43:24.076,3.0
-0.2185,0.093,-0.0552,-23.9944,-23.056,-37.2543,2024-02-12 15:43:24.103,3.0
-0.5044,0.0203,-0.0554,-36.4151,53.0014,-42.8848,2024-02-12 15:43:24.119,3.0
-0.8726,-0.0984,0.1235,-46.2341,85.9833,-43.3044,2024-02-12 15:43:24.136,3.0
-1.1719,-0.1687,0.1519,-42.5491,68.2068,-33.5236,2024-02-12 15:43:24.152,3.0
-1.0774,-0.2791,-0.2739,-33.3252,49.8657,-37.5519,2024-02-12 15:43:24.168,3.0
-1.2437,-0.1819,-0.0146,-27.359,13.8626,-29.4495,2024-02-12 15:43:24.193,3.0
-0.8318,-0.1914,0.2295,-29.8309,-25.6577,-19.4702,2024-02-12 15:43:24.209,3.0
-0.7117,-0.0935,0.2603,-25.5585,2.4719,-36.0107,2024-02-12 15:43:24.225,3.0
-0.8474,-0.0667,0.0808,-21.8887,39.8407,-37.7045,2024-02-12 15:43:24.249,3.0
-0.9641,-0.0547,-0.0493,-39.6118,34.4009,-23.9868,2024-02-12 15:43:24.265,3.0
-0.9194,-0.0676,0.1909,-52.2232,4.5624,-0.6409,2024-02-12 15:43:24.281,3.0
-0.6882,-0.0159,0.1895,-50.2472,-10.6201,17.8909,2024-02-12 15:43:24.301,3.0
-0.668,-0.0315,0.196,-52.3834,0.1221,20.4391,2024-02-12 15:43:24.326,3.0
-0.6558,-0.2043,0.2256,-49.1867,4.6921,9.1934,2024-02-12 15:43:24.342,3.0
-0.6833,-0.2737,0.2241,-38.8641,2.9297,-3.8223,2024-02-12 15:43:24.358,3.0
-0.6555,-0.1826,0.1873,-22.5525,19.6991,-17.7231,2024-02-12 15:43:24.390,3.0
-0.7361,-0.1267,0.1389,-24.8871,17.8146,-25.3448,2024-02-12 15:43:24.398,3.0
-0.8386,-0.0806,0.2146,-34.1034,0.7401,-15.976,2024-02-12 15:43:24.417,3.0
-0.845,-0.1033,0.2554,-39.8102,-21.7133,3.5095,2024-02-12 15:43:24.441,3.0
-0.6665,-0.3511,0.1858,-42.305,-35.553,20.4163,2024-02-12 15:43:24.457,3.0
-0.4453,-0.5171,-0.1191,-26.4816,30.6091,-9.0485,2024-02-12 15:43:24.473,3.0
-1.0481,-0.2471,-0.2258,11.734,92.7963,-62.2559,2024-02-12 15:43:24.489,3.0
-1.2139,-0.8574,-0.3953,19.4092,53.0701,-57.4417,2024-02-12 15:43:24.505,3.0
-1.1433,-0.4158,-0.2615,56.5872,-41.4047,-63.8046,2024-02-12 15:43:24.530,3.0
-1.0063,-0.1528,-0.2703,59.5627,-87.883,-64.6133,2024-02-12 15:43:24.539,3.0
-0.7776,-0.0437,-0.1912,49.3164,-95.2606,-46.9284,2024-02-12 15:43:24.555,3.0
-0.6589,0.0046,0.1877,35.0647,-61.5311,-17.6849,2024-02-12 15:43:24.579,3.0
-0.7908,0.0078,0.2019,47.4014,-7.576,17.868,2024-02-12 15:43:24.596,3.0
-0.9431,0.0452,-0.0491,45.7001,20.0043,34.0424,2024-02-12 15:43:24.621,3.0
-1.1536,0.0242,-0.0769,43.0679,13.1454,31.7459,2024-02-12 15:43:24.638,3.0
-1.3389,-0.1235,-0.1624,38.6734,-14.1068,27.71,2024-02-12 15:43:24.646,3.0
-1.1287,-0.2014,0.1177,30.4337,-65.7578,39.8941,2024-02-12 15:43:24.671,3.0
-0.73,-0.1936,0.1938,37.5519,-83.1451,40.7181,2024-02-12 15:43:24.679,3.0
-0.415,-0.1443,0.0508,44.0674,-50.3693,27.3514,2024-02-12 15:43:24.703,3.0
-0.4412,-0.0396,0.0046,42.3279,-0.145,10.2921,2024-02-12 15:43:24.729,3.0
-0.6982,-0.0129,0.1501,39.6729,28.8162,0.1755,2024-02-12 15:43:24.737,3.0
-0.9558,-0.1194,0.2268,48.6832,34.1263,-0.8316,2024-02-12 15:43:24.762,3.0
-1.0359,-0.2393,0.197,57.724,21.2402,3.9597,2024-02-12 15:43:24.778,3.0
-0.8821,-0.1965,-0.0764,59.0439,7.576,6.6986,2024-02-12 15:43:24.795,3.0
-0.8665,-0.1978,-0.1372,47.3175,24.9786,13.7787,2024-02-12 15:43:24.811,3.0
-0.8738,-0.0608,0.082,45.3949,45.0745,12.5809,2024-02-12 15:43:24.830,3.0
-0.9363,-0.1116,0.2517,51.3611,52.9785,25.1083,2024-02-12 15:43:24.846,3.0
-0.9517,-0.0774,0.2632,66.1774,64.2471,33.5236,2024-02-12 15:43:24.863,3.0
-0.9885,0.0154,0.1506,75.3021,56.9687,36.9263,2024-02-12 15:43:24.879,3.0
-0.842,0.0327,0.1025,71.0144,22.9721,32.0892,2024-02-12 15:43:24.896,3.0
-0.6624,0.0361,0.1243,65.8188,-17.7231,15.4037,2024-02-12 15:43:24.920,3.0
-0.5969,0.1223,0.0713,61.6531,-29.2587,3.746,2024-02-12 15:43:24.936,3.0
-0.5605,0.2258,-0.0042,43.2739,-0.5417,-8.9493,2024-02-12 15:43:24.952,3.0
-0.7344,0.2261,0.0374,28.4729,33.2413,-14.9765,2024-02-12 15:43:24.976,3.0
-0.9397,0.1018,0.0327,17.5018,68.1,0.1526,2024-02-12 15:43:24.993,3.0
-0.9583,0.0508,0.1948,14.1296,54.4739,12.0087,2024-02-12 15:43:25.009,3.0
-0.9221,0.0652,0.229,11.94,18.6615,15.358,2024-02-12 15:43:25.033,3.0
-0.8049,0.0544,0.2993,10.9787,-7.3929,10.17,2024-02-12 15:43:25.049,3.0
-0.7051,-0.0007,0.3684,10.9863,-15.0223,-2.2736,2024-02-12 15:43:25.066,3.0
-0.5979,0.1311,0.2097,18.5165,-19.1193,-13.9465,2024-02-12 15:43:25.082,3.0
-0.6594,0.251,-0.4763,14.2441,34.1263,-15.3732,2024-02-12 15:43:25.108,3.0
-1.2891,0.0676,-0.4207,-12.5427,124.9695,-14.8392,2024-02-12 15:43:25.117,3.0
-1.4824,0.2615,-0.178,-20.9579,74.3027,12.1536,2024-02-12 15:43:25.134,3.0
-1.1531,0.0742,-0.6113,-37.1704,-54.2145,34.9655,2024-02-12 15:43:25.158,3.0
-0.7913,-0.2407,-0.3528,-57.457,-109.7031,45.8298,2024-02-12 15:43:25.175,3.0
-0.2773,-0.2859,0.115,-51.6891,-110.6339,37.5595,2024-02-12 15:43:25.200,3.0
-0.0959,-0.0789,0.2769,-28.5339,-53.3829,21.904,2024-02-12 15:43:25.216,3.0
-0.2024,0.0203,0.0662,-14.534,45.2576,0.473,2024-02-12 15:43:25.233,3.0
-0.5598,-0.0322,-0.0906,-20.8588,98.9914,-32.5546,2024-02-12 15:43:25.250,3.0
-1.6292,-0.127,-0.2161,-36.5982,125.7095,-48.5458,2024-02-12 15:43:25.266,3.0
-1.7063,-0.2554,-0.0488,-43.3655,1.6022,-33.6609,2024-02-12 15:43:25.283,3.0
-1.2837,-0.23,0.0112,-24.0707,-145.8969,-29.1595,2024-02-12 15:43:25.308,3.0
-0.728,-0.0928,-0.094,-24.5514,-178.3447,-22.9263,2024-02-12 15:43:25.324,3.0
-0.3074,-0.0471,-0.0088,-28.8773,-117.7902,-23.8953,2024-02-12 15:43:25.340,3.0
-0.1875,-0.0403,-0.0029,-30.5176,-3.3569,-33.2413,2024-02-12 15:43:25.364,3.0
-0.5447,-0.0647,0.062,-39.2609,60.9741,-35.9802,2024-02-12 15:43:25.372,3.0
-1.0168,-0.1072,0.189,-45.5933,76.6983,-26.4435,2024-02-12 15:43:25.397,3.0
-1.0686,-0.4966,-0.218,-38.2996,61.6913,-8.2321,2024-02-12 15:43:25.422,3.0
-1.4844,-0.0613,-0.127,-28.244,57.4265,-25.1694,2024-02-12 15:43:25.430,3.0
-1.3845,-0.2837,0.1943,-19.6609,-9.8877,-8.6441,2024-02-12 15:43:25.448,3.0
-0.9509,-0.0156,0.3591,-11.4822,-56.3202,-22.171,2024-02-12 15:43:25.466,3.0
-0.7817,0.0386,-0.0979,-16.6016,-10.3073,-37.2391,2024-02-12 15:43:25.490,3.0
-0.7305,-0.0244,-0.2371,-41.3132,14.1296,-34.6985,2024-02-12 15:43:25.507,3.0
-0.6497,-0.0007,-0.0239,-59.9213,14.595,-15.0146,2024-02-12 15:43:25.540,3.0
-0.6226,0.0122,0.177,-71.6095,26.3138,4.1962,2024-02-12 15:43:25.540,3.0
-0.7476,-0.0422,0.2214,-70.5109,49.0494,16.3269,2024-02-12 15:43:25.572,3.0
-0.9099,-0.1252,0.2234,-66.6428,50.8575,18.6462,2024-02-12 15:43:25.588,3.0
-0.9443,-0.2629,0.1318,-61.0352,17.5705,13.9008,2024-02-12 15:43:25.606,3.0
-0.7971,-0.2546,0.1179,-48.9502,-13.1531,10.2005,2024-02-12 15:43:25.614,3.0
-0.5879,-0.1743,0.1062,-37.6358,-5.9738,-8.7204,2024-02-12 15:43:25.631,3.0
-0.6499,-0.1599,0.1846,-42.0227,9.5444,-19.1727,2024-02-12 15:43:25.656,3.0
-0.7107,-0.1667,0.2761,-45.6314,10.2844,-18.219,2024-02-12 15:43:25.672,3.0
-0.8142,-0.1692,0.3657,-47.4167,-11.4517,-10.4904,2024-02-12 15:43:25.688,3.0
-0.8379,-0.1543,0.3931,-44.3039,-36.5906,2.655,2024-02-12 15:43:25.712,3.0
-0.6201,-0.4172,0.0759,-45.3033,-36.7432,2.7466,2024-02-12 15:43:25.729,3.0
-0.6025,-0.2485,-0.1682,-23.9944,29.5029,-47.3862,2024-02-12 15:43:25.747,3.0
-1.1887,-0.1938,-0.1848,-8.8501,40.7867,-63.5834,2024-02-12 15:43:25.772,3.0
-1.2263,-0.5691,-0.1653,9.3765,-3.8452,-23.4222,2024-02-12 15:43:25.780,3.0
-0.885,-0.2786,-0.2322,23.8495,-51.857,-23.1476,2024-02-12 15:43:25.797,3.0
-0.7095,-0.0818,-0.2332,14.0686,-49.0494,-31.9824,2024-02-12 15:43:25.822,3.0
-0.7285,-0.1194,-0.0364,9.8801,-31.3416,-21.019,2024-02-12 15:43:25.838,3.0
-0.7993,-0.1799,0.0962,12.1994,-10.7803,-8.4991,2024-02-12 15:43:25.856,3.0
-1.0498,-0.1084,0.0916,14.7247,1.2741,4.4937,2024-02-12 15:43:25.872,3.0
-1.2627,-0.0718,0.1082,24.8718,-8.9111,18.8675,2024-02-12 15:43:25.889,3.0
-1.2908,-0.04,-0.0583,28.6865,-27.4811,29.953,2024-02-12 15:43:25.910,3.0
-1.1296,-0.03,-0.0378,24.4904,-55.0613,37.2162,2024-02-12 15:43:25.934,3.0
-0.7908,-0.043,-0.0376,27.1759,-56.9611,40.2832,2024-02-12 15:43:25.966,3.0
-0.5085,-0.0781,-0.0435,27.6108,-27.7939,35.5453,2024-02-12 15:43:25.966,3.0
-0.4592,-0.1582,0.0273,25.5203,7.4463,24.704,2024-02-12 15:43:25.983,3.0
-0.6409,-0.1663,0.2083,30.5786,38.4598,16.449,2024-02-12 15:43:25.999,3.0
-0.8862,-0.1279,0.2812,41.1987,51.9638,14.7324,2024-02-12 15:43:26.025,3.0
-0.8318,-0.1208,0.1592,46.6232,29.3274,15.1978,2024-02-12 15:43:26.041,3.0
-0.9417,-0.0935,0.1179,49.4614,12.7869,13.2751,2024-02-12 15:43:26.057,3.0
-0.7412,-0.01,-0.1167,48.8968,19.2184,22.2702,2024-02-12 15:43:26.065,3.0
-0.7329,-0.0474,-0.127,40.0391,48.0804,20.9808,2024-02-12 15:43:26.089,3.0
-0.7573,0.1218,0.0789,32.7072,61.7676,15.77,2024-02-12 15:43:26.105,3.0
-0.8777,0.0273,0.1912,36.2854,73.6847,22.4762,2024-02-12 15:43:26.122,3.0
-0.9277,-0.0649,0.1594,43.8156,88.8519,29.541,2024-02-12 15:43:26.146,3.0
-0.9595,-0.0906,0.012,44.4107,59.7916,24.8947,2024-02-12 15:43:26.162,3.0
-0.9746,-0.0515,0.0564,38.1241,10.3226,19.9814,2024-02-12 15:43:26.187,3.0
-0.9253,0.0884,0.1096,41.5649,-18.074,16.4642,2024-02-12 15:43:26.203,3.0
-0.8662,0.1216,0.0388,39.2914,-24.7879,13.9008,2024-02-12 15:43:26.219,3.0
-0.8704,0.0974,0.0667,31.2576,-10.1471,15.6097,2024-02-12 15:43:26.235,3.0
-0.8401,0.0476,0.1479,28.656,5.7526,16.098,2024-02-12 15:43:26.260,3.0
-0.7686,0.0288,0.2292,26.7029,2.8915,16.9754,2024-02-12 15:43:26.271,3.0
-0.6692,0.0271,0.3584,29.5029,-9.5444,11.8027,2024-02-12 15:43:26.287,3.0
-0.6199,0.071,0.3298,34.7824,-5.2414,-1.9608,2024-02-12 15:43:26.312,3.0
-0.6365,0.095,0.3311,36.5524,-4.1656,-8.728,2024-02-12 15:43:26.328,3.0
-0.6692,0.1135,0.3291,43.2816,-5.867,-10.1624,2024-02-12 15:43:26.344,3.0
-0.6416,0.1611,0.2556,47.1191,-10.8871,-16.8915,2024-02-12 15:43:26.361,3.0
-0.6748,0.5674,-0.3772,46.1502,15.3046,-11.0474,2024-02-12 15:43:26.377,3.0
-1.1873,0.0605,-0.8557,-7.5226,121.0022,1.9302,2024-02-12 15:43:26.401,3.0
-1.4001,0.4978,-0.6372,-32.9361,130.0735,27.8091,2024-02-12 15:43:26.417,3.0
-1.1807,0.2986,-0.9336,-84.8236,10.8414,36.9492,2024-02-12 15:43:26.434,3.0
-1.0618,-0.301,-0.324,-94.6045,-83.9462,41.2827,2024-02-12 15:43:26.450,3.0
-0.728,-0.3813,0.2048,-66.7953,-113.2813,33.0353,2024-02-12 15:43:26.474,3.0
-0.5444,-0.1733,0.2085,-39.7949,-101.9821,8.9111,2024-02-12 15:43:26.502,3.0
-0.4773,-0.0627,-0.0603,-41.3437,-75.0809,-15.0681,2024-02-12 15:43:26.510,3.0
-0.7104,-0.145,-0.2593,-46.4783,-35.0571,-34.5383,2024-02-12 15:43:26.526,3.0
-1.179,-0.2817,0.0085,-48.0194,31.0211,-28.2898,2024-02-12 15:43:26.550,3.0
-1.2007,-0.2275,0.22,-27.3819,4.6539,-20.8282,2024-02-12 15:43:26.559,3.0
-1.0139,-0.1448,-0.0601,-20.6223,-64.6896,-20.6146,2024-02-12 15:43:26.583,3.0
-0.7153,-0.1248,-0.1091,-21.4767,-91.6443,-18.692,2024-02-12 15:43:26.600,3.0
-0.481,-0.0662,-0.0457,-22.7814,-64.7049,-23.9716,2024-02-12 15:43:26.617,3.0
-0.5266,0.0083,0.0776,-23.1552,-2.2354,-29.1824,2024-02-12 15:43:26.633,3.0
-0.7366,0.0535,0.1245,-25.3677,46.4554,-31.4636,2024-02-12 15:43:26.650,3.0
-0.9968,0.0161,0.2053,-31.0364,41.954,-30.8456,2024-02-12 15:43:26.675,3.0
-1.1113,-0.0413,0.2588,-32.1426,0.3662,-21.1258,2024-02-12 15:43:26.692,3.0
-0.8728,-0.3088,0.0366,-29.8004,-23.9792,-9.8267,2024-02-12 15:43:26.708,3.0
-0.7983,-0.0061,-0.0149,-18.8904,-1.7853,-31.7688,2024-02-12 15:43:26.724,3.0
-0.8098,-0.1316,-0.0427,-31.601,-15.8463,-27.0767,2024-02-12 15:43:26.740,3.0
-0.7234,-0.0181,0.2751,-41.214,-22.0108,-36.4456,2024-02-12 15:43:26.757,3.0
-0.7646,0.1013,0.1345,-39.2151,9.8648,-37.5214,2024-02-12 15:43:26.792,3.0
-0.6584,0.1245,-0.1741,-52.2232,13.1836,-26.123,2024-02-12 15:43:26.808,3.0
-0.6091,0.0637,-0.1572,-73.5397,6.073,-13.8702,2024-02-12 15:43:26.816,3.0
-0.592,-0.1877,0.1387,-84.7092,21.9727,6.3629,2024-02-12 15:43:26.841,3.0
-0.71,-0.3469,0.2996,-71.4645,43.4875,15.8691,2024-02-12 15:43:26.857,3.0
-0.8589,-0.3987,0.1772,-52.9785,54.5502,21.6446,2024-02-12 15:43:26.874,3.0
-0.9307,-0.241,0.2043,-32.0053,54.6799,7.7057,2024-02-12 15:43:26.882,3.0
-1.0864,-0.1489,0.2063,-27.5269,29.7165,-5.7068,2024-02-12 15:43:26.907,3.0
-1.0691,-0.1987,0.3184,-28.389,4.5242,-4.2343,2024-02-12 15:43:26.923,3.0
-0.8821,-0.2002,0.3381,-28.4195,-19.5007,-0.7401,2024-02-12 15:43:26.949,3.0
-0.8376,-0.1567,0.3892,-24.0707,-32.8522,8.2245,2024-02-12 15:43:26.957,3.0
-0.7078,-0.2097,0.2422,-16.922,-30.6473,22.3694,2024-02-12 15:43:26.973,3.0
-0.5627,-0.3523,0.0618,-10.6201,27.3514,4.2267,2024-02-12 15:43:26.998,3.0
-1.0735,-0.1399,0.0701,6.3171,84.3811,-25.8408,2024-02-12 15:43:27.014,3.0
-1.3152,-0.3684,0.0046,11.8484,42.5568,-14.9689,2024-02-12 15:43:27.050,3.0
-1.1819,-0.4299,-0.1611,26.0544,-15.3427,-13.6108,2024-02-12 15:43:27.058,3.0
-0.8796,-0.2676,-0.2649,27.5497,-58.2581,-17.7841,2024-02-12 15:43:27.066,3.0
-0.573,-0.0942,-0.2148,27.1835,-64.6057,-24.0631,2024-02-12 15:43:27.082,3.0
-0.3938,0.0659,-0.2349,19.5541,-51.8799,-19.8212,2024-02-12 15:43:27.115,3.0
-0.2854,0.019,-0.0789,8.0032,-22.4075,-16.098,2024-02-12 15:43:27.123,3.0
-0.478,0.0042,0.1064,6.5689,18.6539,-16.7236,2024-02-12 15:43:27.148,3.0
-0.8792,0.0156,0.2234,17.4942,55.3131,-19.9356,2024-02-12 15:43:27.157,3.0
-1.323,0.0696,0.0447,20.4163,59.494,-15.3427,2024-02-12 15:43:27.173,3.0
-1.5823,0.0776,-0.0481,15.6784,5.127,5.9814,2024-02-12 15:43:27.199,3.0
-1.3489,-0.0991,-0.0176,13.71,-73.3871,26.0468,2024-02-12 15:43:27.216,3.0
-0.9363,-0.2356,0.0212,16.4795,-91.5298,25.238,2024-02-12 15:43:27.240,3.0
-0.6829,-0.2869,0.0532,24.1928,-62.2025,23.8419,2024-02-12 15:43:27.248,3.0
-0.5884,-0.3213,0.0647,34.668,-23.3536,27.1225,2024-02-12 15:43:27.269,3.0
-0.6301,-0.2795,0.1445,42.7475,10.4294,28.3051,2024-02-12 15:43:27.285,3.0
-0.7888,-0.1506,0.292,53.4821,35.1944,26.7105,2024-02-12 15:43:27.310,3.0
-0.8672,-0.0784,0.2351,60.3256,35.4538,25.7568,2024-02-12 15:43:27.326,3.0
-0.8091,-0.0044,0.1079,62.5229,24.7192,23.7808,2024-02-12 15:43:27.342,3.0
-0.6843,0.0979,-0.0059,56.9611,12.6419,16.7694,2024-02-12 15:43:27.367,3.0
-0.5698,0.2297,-0.2268,47.0276,21.1945,11.8637,2024-02-12 15:43:27.376,3.0
-0.6357,0.1516,-0.1201,26.2985,50.8881,1.564,2024-02-12 15:43:27.400,3.0
-0.7642,0.1912,0.1145,17.54,53.6804,0.6485,2024-02-12 15:43:27.416,3.0
-0.8179,0.0461,0.1812,16.1133,47.8058,6.5002,2024-02-12 15:43:27.432,3.0
-0.8533,0.071,0.0452,16.5405,60.2722,13.3972,2024-02-12 15:43:27.457,3.0
-0.8362,-0.0146,0.0266,12.6877,64.1708,8.3237,2024-02-12 15:43:27.474,3.0
-0.9253,-0.0015,0.0483,9.8953,48.4848,2.9373,2024-02-12 15:43:27.490,3.0
-0.9419,0.0024,0.0603,7.9956,17.5018,5.8136,2024-02-12 15:43:27.509,3.0
-0.907,0.0522,0.0933,5.5923,-4.1428,5.0735,2024-02-12 15:43:27.525,3.0
-0.9182,0.0823,0.2065,-0.2365,-5.4092,4.3335,2024-02-12 15:43:27.541,3.0
-0.9097,0.0269,0.2588,0.0076,4.4556,5.0201,2024-02-12 15:43:27.566,3.0
-0.813,-0.0305,0.3025,5.4016,-5.9509,2.5406,2024-02-12 15:43:27.582,3.0
-0.7659,-0.0791,0.4036,12.1078,-19.0735,-3.3417,2024-02-12 15:43:27.598,3.0
-0.6057,0.1101,0.2546,29.2969,-14.2365,-8.7585,2024-02-12 15:43:27.622,3.0
-0.7095,0.208,-0.2302,29.2435,42.9001,-13.8016,2024-02-12 15:43:27.639,3.0
-1.3389,0.251,-0.175,12.4741,116.5161,-11.055,2024-02-12 15:43:27.655,3.0
-1.3999,0.3916,-0.4209,-8.1024,49.3393,17.1509,2024-02-12 15:43:27.680,3.0
-1.2363,0.2236,-0.6826,-36.3922,-31.9595,24.353,2024-02-12 15:43:27.696,3.0
-1.0288,-0.0242,-0.4561,-53.1311,-67.2379,41.4658,2024-02-12 15:43:27.712,3.0
-0.5916,-0.1487,-0.2849,-57.373,-84.1446,46.1044,2024-02-12 15:43:27.729,3.0
-0.2891,-0.136,0.0134,-49.2401,-65.2618,30.6091,2024-02-12 15:43:27.745,3.0
-0.3437,-0.0461,0.2041,-25.5508,-14.9155,9.6588,2024-02-12 15:43:27.762,3.0
-0.5671,-0.0669,0.094,-12.886,27.9694,-11.0626,2024-02-12 15:43:27.786,3.0
-1.1035,-0.1404,-0.1555,-14.7324,62.7899,-20.6146,2024-02-12 15:43:27.810,3.0
-1.26,-0.2708,-0.2781,-29.0146,65.5975,-21.8048,2024-02-12 15:43:27.818,3.0
-1.3042,-0.3132,0.0608,-19.516,-19.8593,-28.4729,2024-02-12 15:43:27.834,3.0
-1.0254,-0.0779,-0.0288,-8.4839,-75.1495,-23.2849,2024-02-12 15:43:27.858,3.0
-0.6558,0.1113,-0.1406,-12.0163,-86.0519,-20.8969,2024-02-12 15:43:27.874,3.0
-0.4146,0.1682,-0.1292,-24.1241,-55.3055,-25.6958,2024-02-12 15:43:27.891,3.0
-0.4221,0.1301,0.0364,-37.8571,-12.4588,-34.79,2024-02-12 15:43:27.910,3.0
-0.6904,-0.0007,0.1084,-51.0406,15.8615,-38.2919,2024-02-12 15:43:27.927,3.0
-0.9351,-0.1018,0.1687,-55.9998,14.5645,-30.365,2024-02-12 15:43:27.975,3.0
-0.9705,-0.2168,0.1992,-54.0848,-8.0338,-11.8332,2024-02-12 15:43:27.975,3.0
-0.6965,-0.3982,-0.1199,-42.5339,-19.6991,-0.4807,2024-02-12 15:43:27.984,3.0
-0.6694,-0.1296,-0.1772,-31.1203,7.4997,-19.4778,2024-02-12 15:43:28.000,3.0
-0.8335,-0.1572,0.1753,-28.1219,12.619,-12.413,2024-02-12 15:43:28.016,3.0
-0.6543,-0.1128,0.3608,-18.2419,2.9984,-15.1443,2024-02-12 15:43:28.032,3.0
-0.6831,-0.1201,0.0979,-16.8457,28.9993,-27.1225,2024-02-12 15:43:28.057,3.0
-0.8809,-0.054,-0.0215,-20.3018,41.2674,-28.2745,2024-02-12 15:43:28.107,3.0
-0.9363,0.0103,-0.0193,-25.6653,24.7269,-16.2277,2024-02-12 15:43:28.116,3.0
-0.9036,-0.0283,0.0322,-28.7933,4.2419,-8.0338,2024-02-12 15:43:28.116,3.0
-0.925,-0.0322,0.0757,-30.3574,-3.6926,0.2594,2024-02-12 15:43:28.116,3.0
-0.9668,-0.1853,0.1882,-22.0261,-8.2092,-0.1526,2024-02-12 15:43:28.141,3.0
-1.0076,-0.1641,0.2517,-9.5825,-15.5792,-0.7477,2024-02-12 15:43:28.157,3.0
-0.9111,-0.0425,0.2214,-5.806,-18.2343,0.3128,2024-02-12 15:43:28.174,3.0
-0.7571,-0.0408,0.1729,-6.2714,-11.8942,-0.7477,2024-02-12 15:43:28.199,3.0
-0.6421,-0.0862,0.1931,-13.0844,-6.1417,-6.0654,2024-02-12 15:43:28.223,3.0
-0.7217,-0.1606,0.3723,-17.9443,-1.5182,-10.8261,2024-02-12 15:43:28.231,3.0
-0.801,-0.198,0.4844,-10.0555,-4.1733,-7.7438,2024-02-12 15:43:28.247,3.0
-0.7913,-0.1777,0.3635,-4.7684,-9.7504,-1.9608,2024-02-12 15:43:28.265,3.0
-0.5732,-0.5129,-0.0137,-2.2202,18.074,-16.3651,2024-02-12 15:43:28.289,3.0
-0.9807,-0.2412,0.0425,6.5536,67.009,-54.4815,2024-02-12 15:43:28.306,3.0
-1.344,-0.3298,0.0144,15.0375,42.4881,-37.3306,2024-02-12 15:43:28.323,3.0
-1.1272,-0.501,-0.2358,39.8331,3.0975,-39.4135,2024-02-12 15:43:28.348,3.0
-1.0056,-0.3333,-0.4114,45.0745,-43.2281,-59.5398,2024-02-12 15:43:28.356,3.0
-0.8115,0.0374,-0.4485,39.7186,-71.1823,-57.5485,2024-02-12 15:43:28.373,3.0
-0.6812,0.0698,-0.5168,11.8332,-27.4353,-32.7148,2024-02-12 15:43:28.398,3.0
-0.7107,-0.0063,-0.001,-7.1182,29.3274,-17.0135,2024-02-12 15:43:28.422,3.0
-1.0696,-0.0542,0.1462,7.431,46.2265,-7.2403,2024-02-12 15:43:28.438,3.0
-1.3459,-0.1941,0.0676,24.6506,24.2157,7.4081,2024-02-12 15:43:28.454,3.0
-1.3994,-0.2908,-0.0171,43.2434,-22.1024,30.0293,2024-02-12 15:43:28.478,3.0
-1.1145,-0.2957,-0.0029,48.79,-55.0232,46.9742,2024-02-12 15:43:28.486,3.0
-0.6409,-0.3271,-0.0691,60.4858,-57.4722,53.1769,2024-02-12 15:43:28.511,3.0
-0.4077,-0.3372,-0.0605,63.7207,-32.7988,51.5518,2024-02-12 15:43:28.527,3.0
-0.3115,-0.2732,0.0242,64.7507,10.3073,42.9382,2024-02-12 15:43:28.546,3.0
-0.4465,-0.1516,0.1206,71.7239,47.8668,34.7672,2024-02-12 15:43:28.563,3.0
-0.6597,-0.0095,0.1575,77.6749,70.8618,25.4288,2024-02-12 15:43:28.579,3.0
-0.8882,0.0476,0.1118,75.7675,65.8646,28.4729,2024-02-12 15:43:28.595,3.0
-0.9487,0.054,0.0552,73.5016,44.8761,34.1415,2024-02-12 15:43:28.612,3.0
-0.7668,0.115,-0.0198,62.2406,25.5051,35.614,2024-02-12 15:43:28.631,3.0
-0.5872,0.1567,0.0725,52.4902,20.4391,24.9481,2024-02-12 15:43:28.648,3.0
-0.4893,0.1787,0.0417,45.9137,32.1503,8.6899,2024-02-12 15:43:28.681,3.0
-0.5969,0.1885,-0.1633,34.1034,55.5038,1.8005,2024-02-12 15:43:28.689,3.0
-0.647,0.0911,-0.2502,19.7983,80.6046,-3.273,2024-02-12 15:43:28.705,3.0
-0.9316,0.2041,-0.0615,7.637,84.0225,-1.2589,2024-02-12 15:43:28.722,3.0
-1.1177,0.1787,0.0737,5.4092,86.8607,8.606,2024-02-12 15:43:28.738,3.0
-1.1299,0.0156,0.0437,5.249,67.1768,18.4555,2024-02-12 15:43:28.754,3.0
-1.052,-0.0618,-0.0693,0.2289,26.1002,20.1111,2024-02-12 15:43:28.771,3.0
-0.9731,-0.0427,-0.032,-3.1509,-6.4468,20.1569,2024-02-12 15:43:28.788,3.0
-0.9341,-0.0425,0.1943,0.1221,-20.0653,15.4953,2024-02-12 15:43:28.813,3.0
-0.8977,-0.0364,0.3611,10.8871,-24.4827,12.7945,2024-02-12 15:43:28.829,3.0
-0.8206,-0.074,0.3757,18.2724,-26.8402,8.4,2024-02-12 15:43:28.846,3.0
-0.7683,-0.0662,0.4141,30.8228,-34.9808,1.0147,2024-02-12 15:43:28.871,3.0
-0.6467,0.1733,0.0212,35.1791,-28.1143,-3.9291,2024-02-12 15:43:28.879,3.0
-0.8362,0.0884,-0.4922,24.2462,43.9758,-5.7755,2024-02-12 15:43:28.903,3.0
-1.2659,0.3521,-0.4158,5.1651,77.98,12.9242,2024-02-12 15:43:28.920,3.0
-1.1633,0.4324,-0.6633,-17.8299,4.631,29.8767,2024-02-12 15:43:28.938,3.0
-1.1033,0.0505,-0.5845,-43.0984,-49.2783,37.2314,2024-02-12 15:43:28.962,3.0
-0.8687,-0.1777,-0.2964,-47.4396,-72.8226,48.4085,2024-02-12 15:43:28.971,3.0
-0.5415,-0.2649,-0.0935,-39.2838,-80.7648,41.5878,2024-02-12 15:43:28.987,3.0
-0.4624,-0.1707,0.0032,-21.8887,-51.1475,27.0844,2024-02-12 15:43:29.011,3.0
-0.4697,-0.1333,0.0742,-17.7307,-22.2473,10.1089,2024-02-12 15:43:29.028,3.0
-0.7134,-0.1436,0.0034,-17.5323,0.946,-18.8522,2024-02-12 15:43:29.044,3.0
-1.136,-0.1594,-0.2529,-25.5203,26.3138,-23.9716,2024-02-12 15:43:29.068,3.0
-1.1589,-0.1387,-0.0977,-26.535,-6.34,-24.0631,2024-02-12 15:43:29.084,3.0
-1.1091,-0.1497,-0.0078,-22.7737,-46.6843,-29.007,2024-02-12 15:43:29.100,3.0
-0.8518,-0.0762,-0.0613,-20.1416,-68.9468,-25.1846,2024-02-12 15:43:29.125,3.0
-0.5979,-0.0249,-0.1824,-24.5514,-51.6891,-24.4141,2024-02-12 15:43:29.133,3.0
-0.4436,0.019,-0.1008,-36.1176,-12.558,-34.317,2024-02-12 15:43:29.160,3.0
-0.585,-0.0378,0.0457,-43.1976,7.3624,-41.1911,2024-02-12 15:43:29.184,3.0
-0.7603,-0.0967,0.1345,-46.1884,14.1602,-40.8478,2024-02-12 15:43:29.193,3.0
-0.8977,-0.1633,0.1304,-46.8063,8.6136,-34.0652,2024-02-12 15:43:29.209,3.0
-0.7295,-0.4138,-0.1741,-39.6194,2.1591,-22.5754,2024-02-12 15:43:29.225,3.0
-0.7903,-0.177,-0.2085,-25.2686,19.3405,-37.4756,2024-02-12 15:43:29.244,3.0
-0.8865,-0.2051,0.1873,-35.2783,-8.1711,-21.3394,2024-02-12 15:43:29.261,3.0
-0.6394,-0.179,0.2939,-23.9716,-19.6686,-13.1302,2024-02-12 15:43:29.277,3.0
-0.5518,0.043,0.0312,-29.5258,12.3978,-15.8463,2024-02-12 15:43:29.301,3.0
-0.6628,0.2,-0.0894,-43.5257,41.275,-13.6337,2024-02-12 15:43:29.334,3.0
-0.7788,0.1328,-0.0142,-50.2243,44.1208,-3.5477,2024-02-12 15:43:29.334,3.0
-0.845,0.0083,0.0486,-56.6406,37.9333,3.0441,2024-02-12 15:43:29.352,3.0
-0.9839,-0.1057,0.1897,-59.1202,26.2833,3.6469,2024-02-12 15:43:29.368,3.0
-1.0647,-0.2258,0.188,-54.1382,4.8141,-7.0038,2024-02-12 15:43:29.392,3.0
-1.1138,-0.2751,0.2393,-44.754,-23.3917,-19.2108,2024-02-12 15:43:29.409,3.0
-0.9434,-0.1533,0.1655,-35.4767,-32.1808,-20.3018,2024-02-12 15:43:29.425,3.0
-0.8032,-0.0869,0.2056,-43.8919,-26.2756,-20.0043,2024-02-12 15:43:29.445,3.0
-0.7842,-0.1145,0.3474,-49.8276,-12.0697,-14.6027,2024-02-12 15:43:29.461,3.0
-0.821,-0.2527,0.2827,-53.9474,-4.3106,-8.3389,2024-02-12 15:43:29.485,3.0
-0.8003,-0.4993,0.1443,-53.8406,26.2909,-21.3623,2024-02-12 15:43:29.501,3.0
-1.1125,-0.3572,0.1123,-22.3007,58.5861,-39.4363,2024-02-12 15:43:29.534,3.0
-1.165,-0.5701,-0.1404,-3.3646,39.772,-25.6729,2024-02-12 15:43:29.534,3.0
-0.9656,-0.3987,-0.3779,21.5378,0.412,-34.1644,2024-02-12 15:43:29.553,3.0
-0.8672,-0.187,-0.4722,23.0789,-36.2244,-39.6118,2024-02-12 15:43:29.569,3.0
-0.7107,0.0222,-0.3486,21.1563,-46.4783,-36.3235,2024-02-12 15:43:29.585,3.0
-0.5942,-0.022,-0.2598,8.4076,-26.7258,-29.4266,2024-02-12 15:43:29.601,3.0
-0.6692,-0.0239,-0.1274,-1.4267,4.8904,-18.1274,2024-02-12 15:43:29.617,3.0
-0.8992,0.0752,-0.0332,-2.4414,27.6413,-6.2408,2024-02-12 15:43:29.641,3.0
-1.1287,0.1038,-0.1101,-1.9226,29.0222,2.7161,2024-02-12 15:43:29.658,3.0
-1.3528,0.0046,-0.1167,1.1902,2.3117,10.1166,2024-02-12 15:43:29.694,3.0
-1.3472,-0.1223,-0.0242,2.7008,-42.2745,24.3073,2024-02-12 15:43:29.709,3.0
-1.0698,-0.2388,-0.0161,7.2479,-78.804,35.6827,2024-02-12 15:43:29.725,3.0
-0.7131,-0.2231,-0.0662,12.9242,-81.9016,40.123,2024-02-12 15:43:29.733,3.0
-0.4421,-0.1919,-0.0715,14.4348,-54.1153,37.0331,2024-02-12 15:43:29.749,3.0
-0.3901,-0.1912,0.0132,18.28,-12.8021,29.892,2024-02-12 15:43:29.774,3.0
-0.4727,-0.1582,0.1006,23.0789,18.0817,23.14,2024-02-12 15:43:29.782,3.0
-0.658,-0.1238,0.1565,28.923,27.2217,16.8686,2024-02-12 15:43:29.807,3.0
-0.7549,-0.0496,0.1802,34.7137,12.4512,17.8299,2024-02-12 15:43:29.823,3.0
-0.738,0.0242,0.1179,33.5999,0.4807,17.0593,2024-02-12 15:43:29.840,3.0
-0.6035,0.1355,0.0552,27.1301,-2.0294,10.7269,2024-02-12 15:43:29.864,3.0
-0.5574,0.134,0.0278,19.4016,9.0485,1.6174,2024-02-12 15:43:29.872,3.0
-0.5889,0.1531,-0.2134,12.0697,34.668,-1.0834,2024-02-12 15:43:29.897,3.0
-0.7334,0.0447,-0.1675,-4.4327,66.5741,-6.6071,2024-02-12 15:43:29.913,3.0
-0.959,0.0671,0.0701,-11.3297,61.1801,-4.7455,2024-02-12 15:43:29.930,3.0
-1.1042,0.0342,0.1765,-5.249,56.5414,10.4446,2024-02-12 15:43:29.956,3.0
-1.1287,-0.1252,0.2158,0.6256,41.3055,20.0577,2024-02-12 15:43:29.972,3.0
-0.9724,-0.1765,0.0652,2.1667,9.9792,25.4822,2024-02-12 15:43:29.981,3.0
-0.7983,-0.1321,0.1099,2.8687,-21.5836,13.649,2024-02-12 15:43:30.005,3.0
-0.7332,-0.0098,0.1851,8.4763,-24.1013,2.7313,2024-02-12 15:43:30.022,3.0
-0.8008,0.071,0.2444,11.6196,-1.1902,-1.0681,2024-02-12 15:43:30.039,3.0
-0.9612,0.125,0.2297,8.9493,31.2119,-2.9221,2024-02-12 15:43:30.064,3.0
-1.0396,0.0728,0.2224,4.1351,24.353,-1.3962,2024-02-12 15:43:30.080,3.0
-0.9817,0.0825,0.2576,6.9046,1.7319,-0.206,2024-02-12 15:43:30.097,3.0
-0.8965,0.1807,0.0198,11.3297,8.461,1.8311,2024-02-12 15:43:30.113,3.0
-1.1167,0.187,-0.1453,6.073,43.0527,2.4338,2024-02-12 15:43:30.129,3.0
-1.2542,0.2009,-0.2808,-15.1367,26.5121,13.6032,2024-02-12 15:43:30.154,3.0
-1.0979,0.1897,-0.3625,-34.9426,-29.5715,20.4697,2024-02-12 15:43:30.171,3.0
-0.8933,0.0383,-0.4114,-47.8058,-59.7382,24.5361,2024-02-12 15:43:30.189,3.0
-0.6418,-0.2014,-0.3169,-51.8112,-58.1055,27.3819,2024-02-12 15:43:30.205,3.0
-0.4153,-0.2549,-0.1262,-42.16,-41.7709,20.2866,2024-02-12 15:43:30.221,3.0
-0.4233,-0.207,0.0625,-23.3459,-1.7853,9.6207,2024-02-12 15:43:30.245,3.0
-0.6499,-0.0864,0.1965,-9.0103,50.0107,0.267,2024-02-12 15:43:30.262,3.0
-0.969,-0.021,0.0039,-7.843,71.7773,-13.0157,2024-02-12 15:43:30.279,3.0
-1.2703,-0.0417,-0.3501,-26.8021,54.1153,-28.1219,2024-02-12 15:43:30.295,3.0
-1.3083,-0.0452,-0.1831,-36.0947,-39.6042,-28.9001,2024-02-12 15:43:30.311,3.0
-1.0369,0.0129,-0.1062,-31.1508,-102.951,-17.6849,2024-02-12 15:43:30.335,3.0
-0.6765,0.0586,-0.0696,-31.8604,-96.6415,-12.5885,2024-02-12 15:43:30.351,3.0
-0.4148,0.0291,-0.0508,-35.5072,-55.7632,-17.5323,2024-02-12 15:43:30.367,3.0
-0.3604,-0.0562,-0.0549,-38.7878,-19.3939,-24.4904,2024-02-12 15:43:30.383,3.0
-0.4919,-0.1482,0.0127,-42.9459,10.3455,-25.1694,2024-02-12 15:43:30.407,3.0
-0.7175,-0.1873,0.1438,-44.5328,19.5084,-24.5972,2024-02-12 15:43:30.432,3.0
-0.825,-0.1965,0.1707,-37.6968,11.9324,-13.7939,2024-02-12 15:43:30.448,3.0
-0.7693,-0.1775,0.1567,-28.1067,-3.952,0.8774,2024-02-12 15:43:30.481,3.0
-0.6252,-0.2627,0.0396,-20.5994,-2.2583,13.092,2024-02-12 15:43:30.481,3.0
-0.6001,-0.1592,0.0203,-11.3754,35.1028,7.9956,2024-02-12 15:43:30.498,3.0
-0.7712,-0.2295,0.1904,-6.9885,49.0036,6.6681,2024-02-12 15:43:30.531,3.0
-0.8091,-0.323,0.1887,-2.1667,38.5132,6.7902,2024-02-12 15:43:30.539,3.0
-0.8843,-0.1787,0.1106,-1.8768,29.5334,-4.0359,2024-02-12 15:43:30.563,3.0
-1.0,0.0208,0.0151,-0.5722,18.158,-0.8926,2024-02-12 15:43:30.590,3.0
-0.9358,0.0937,-0.1274,-4.1199,6.7673,1.6861,2024-02-12 15:43:30.598,3.0
-0.9192,0.0693,-0.0522,-17.9901,-8.873,-4.1656,2024-02-12 15:43:30.613,3.0
-0.9897,-0.0061,0.2429,-28.7476,-20.1721,-8.812,2024-02-12 15:43:30.632,3.0
-1.0369,0.0513,0.3545,-30.9143,-28.0457,-8.9645,2024-02-12 15:43:30.649,3.0
-0.9756,0.1042,0.2561,-36.0184,-40.2679,-6.134,2024-02-12 15:43:30.665,3.0
-0.8276,-0.0496,0.2087,-45.9747,-47.3557,-1.6403,2024-02-12 15:43:30.681,3.0
-0.4846,-0.51,0.1284,-49.8505,-22.2473,-0.267,2024-02-12 15:43:30.697,3.0
-0.6143,-0.4758,0.2988,-31.7383,60.3561,-35.6369,2024-02-12 15:43:30.722,3.0
-1.0525,-0.5293,0.1973,-11.4212,104.5074,-54.3365,2024-02-12 15:43:30.755,3.0
-1.2507,-0.6912,-0.1484,19.6304,94.6503,-55.5496,2024-02-12 15:43:30.763,3.0
-1.3113,-0.6436,-0.3125,51.2466,25.8484,-47.1497,2024-02-12 15:43:30.771,3.0
-0.998,-0.2283,-0.3484,62.1414,-57.93,-39.3829,2024-02-12 15:43:30.788,3.0
-0.719,0.1807,-0.3687,45.2576,-80.7037,-23.4299,2024-02-12 15:43:30.812,3.0
-0.5696,0.188,-0.2393,26.3443,-37.4222,-2.2583,2024-02-12 15:43:30.829,3.0
-0.7249,0.0732,-0.0959,28.6942,24.9939,10.7803,2024-02-12 15:43:30.853,3.0
-0.939,0.0691,-0.1487,28.244,35.4614,14.2059,2024-02-12 15:43:30.869,3.0
-1.1956,-0.0784,-0.1016,34.8434,23.2391,12.1841,2024-02-12 15:43:30.885,3.0
-1.2344,-0.2021,-0.0767,41.7023,-18.9438,21.225,2024-02-12 15:43:30.909,3.0
-1.0703,-0.2527,0.001,46.524,-57.8156,30.4108,2024-02-12 15:43:30.920,3.0
-0.8076,-0.3044,-0.033,58.5251,-64.5523,35.4843,2024-02-12 15:43:30.939,3.0
-0.5813,-0.2419,-0.0952,67.6727,-40.6952,39.3906,2024-02-12 15:43:30.964,3.0
-0.4539,-0.137,-0.0486,71.7545,-10.3149,35.5606,2024-02-12 15:43:30.981,3.0
-0.4893,-0.0828,0.0344,73.7534,19.722,31.1279,2024-02-12 15:43:30.997,3.0
-0.6274,-0.0508,0.0977,76.0498,35.881,26.0162,2024-02-12 15:43:31.013,3.0
-0.7327,-0.0071,0.1245,80.4291,33.6533,25.4211,2024-02-12 15:43:31.029,3.0
-0.7366,0.0542,0.052,80.658,23.8419,26.2451,2024-02-12 15:43:31.045,3.0
-0.6335,0.1516,-0.0273,76.1261,20.8206,21.8887,2024-02-12 15:43:31.070,3.0
-0.5872,0.1963,-0.0283,65.3534,30.0751,14.4043,2024-02-12 15:43:31.078,3.0
-0.575,0.1675,0.0042,51.8036,44.7159,5.806,2024-02-12 15:43:31.102,3.0
-0.6472,0.135,-0.0664,40.0391,63.4155,0.0076,2024-02-12 15:43:31.126,3.0
-0.8667,0.1296,-0.0862,24.3149,77.2705,1.2512,2024-02-12 15:43:31.142,3.0
-0.9688,0.2314,0.0059,11.1694,57.1213,5.4779,2024-02-12 15:43:31.158,3.0
-0.9775,0.304,-0.0347,2.0676,31.1508,11.5585,2024-02-12 15:43:31.182,3.0
-1.0249,0.2288,-0.0283,-4.2419,25.0473,18.7988,2024-02-12 15:43:31.190,3.0
-0.9124,-0.0203,0.0437,-14.5721,6.3019,16.8457,2024-02-12 15:43:31.211,3.0
-0.8577,-0.1584,0.1865,-13.4048,-15.213,1.5488,2024-02-12 15:43:31.235,3.0
-0.866,-0.1958,0.2686,2.2583,-6.5384,-6.9275,2024-02-12 15:43:31.252,3.0
-0.9067,-0.1357,0.2583,12.5732,3.479,-11.2534,2024-02-12 15:43:31.268,3.0
-1.0471,-0.0181,0.3604,19.9356,5.6992,-10.7117,2024-02-12 15:43:31.284,3.0
-0.9741,-0.0603,0.3406,27.6718,-12.8403,-13.6261,2024-02-12 15:43:31.308,3.0
-0.8242,-0.0549,0.3215,37.8876,-23.3078,-18.4784,2024-02-12 15:43:31.324,3.0
-0.7668,0.1946,-0.0002,49.5682,6.7139,-17.4408,2024-02-12 15:43:31.340,3.0
-1.1069,0.2258,-0.4333,40.4587,83.9157,-4.7684,2024-02-12 15:43:31.357,3.0
-1.396,0.325,-0.6008,13.7939,85.2737,19.0887,2024-02-12 15:43:31.382,3.0
-1.3701,0.3267,-0.8079,-23.9029,19.0582,40.451,2024-02-12 15:43:31.398,3.0
-1.1406,0.0596,-0.7158,-51.0788,-58.5937,47.287,2024-02-12 15:43:31.414,3.0
-0.7227,-0.2122,-0.3916,-62.088,-107.2998,43.5715,2024-02-12 15:43:31.430,3.0
-0.3401,-0.2009,0.0203,-42.099,-104.9957,24.7574,2024-02-12 15:43:31.447,3.0
-0.335,-0.0884,0.2046,-10.3149,-45.5627,7.2556,2024-02-12 15:43:31.464,3.0
-0.4656,-0.0144,0.0251,3.1586,24.5361,-18.3487,2024-02-12 15:43:31.489,3.0
-0.9226,0.0649,-0.2644,-12.1307,49.5529,-39.566,2024-02-12 15:43:31.505,3.0
-1.2747,0.0649,-0.5037,-40.2756,56.282,-33.0658,2024-02-12 15:43:31.530,3.0
-1.1135,-0.0229,-0.0857,-47.6913,-36.0947,-38.0249,2024-02-12 15:43:31.538,3.0
-0.9424,-0.0176,-0.0317,-37.9944,-116.2033,-35.0494,2024-02-12 15:43:31.563,3.0
-0.5229,0.0923,-0.1191,-40.3061,-113.1592,-23.4528,2024-02-12 15:43:31.580,3.0
-0.1011,0.0547,-0.1831,-49.2096,-65.8951,-33.1039,2024-02-12 15:43:31.596,3.0
-0.3542,-0.0154,-0.0044,-55.6107,16.8686,-41.8015,2024-02-12 15:43:31.614,3.0
-0.5815,-0.0964,0.0186,-59.8526,61.3251,-45.3644,2024-02-12 15:43:31.639,3.0
-0.8748,-0.167,0.1448,-62.1414,58.8837,-43.7775,2024-02-12 15:43:31.655,3.0
-1.0344,-0.2761,0.092,-54.0543,19.8364,-29.8233,2024-02-12 15:43:31.672,3.0
-0.8535,-0.1794,0.0464,-48.9731,-25.322,-10.1395,2024-02-12 15:43:31.688,3.0
-0.6406,-0.072,0.1917,-43.9606,-28.595,-0.9842,2024-02-12 15:43:31.712,3.0
-0.5259,-0.2083,0.0769,-32.7225,9.1553,5.2567,2024-02-12 15:43:31.720,3.0
-0.5852,-0.2375,-0.0046,-19.577,65.3839,-2.6932,2024-02-12 15:43:31.745,3.0
-0.8259,-0.3284,0.1396,-7.9041,72.998,-4.0741,2024-02-12 15:43:31.761,3.0
-0.9348,-0.2944,0.1643,1.5106,53.4592,3.0746,2024-02-12 15:43:31.785,3.0
-0.9116,-0.2136,0.0444,5.0125,41.1224,1.7395,2024-02-12 15:43:31.801,3.0
-0.9451,-0.1284,-0.02,-1.6632,34.7672,-4.8599,2024-02-12 15:43:31.809,3.0
-0.9675,-0.0269,0.0068,-2.3499,26.0391,2.3422,2024-02-12 15:43:31.833,3.0
-0.9895,0.0417,-0.0256,0.679,11.7188,7.7362,2024-02-12 15:43:31.850,3.0
-0.9841,0.0435,0.0601,-9.0179,-8.2397,10.7956,2024-02-12 15:43:31.865,3.0
-0.9739,0.0249,0.2834,-11.5585,-28.7552,9.4452,2024-02-12 15:43:31.889,3.0
-0.9297,0.0752,0.3035,-15.6479,-42.2821,7.4844,2024-02-12 15:43:31.906,3.0
-0.7644,0.0122,0.2385,-28.9841,-37.3688,-4.1733,2024-02-12 15:43:31.931,3.0
-0.592,-0.293,0.2432,-38.063,-14.2365,-16.0675,2024-02-12 15:43:31.947,3.0
-0.4832,-0.5952,0.2205,-35.4385,26.2222,-28.9001,2024-02-12 15:43:31.963,3.0
-0.6492,-0.7012,0.1021,-23.88,84.9228,-53.4515,2024-02-12 15:43:31.979,3.0
-1.1277,-0.53,-0.031,8.2245,109.6497,-65.0101,2024-02-12 15:43:31.995,3.0
-1.3076,-0.4438,-0.4985,53.2303,53.5355,-43.3044,2024-02-12 15:43:32.019,3.0
-1.1072,-0.252,-0.8245,69.0155,-12.2223,-30.2277,2024-02-12 15:43:32.039,3.0
-0.7913,-0.0364,-0.7163,54.1611,-34.1721,-44.2047,2024-02-12 15:43:32.047,3.0
-0.9629,-0.1216,-0.2266,44.7235,-9.8495,-32.9132,2024-02-12 15:43:32.071,3.0
-1.0681,-0.179,-0.0447,44.3192,3.6926,-3.3112,2024-02-12 15:43:32.088,3.0
-1.1841,-0.115,-0.1167,50.7584,-4.8904,22.2626,2024-02-12 15:43:32.104,3.0
-1.28,-0.085,-0.167,51.7197,-36.5753,44.075,2024-02-12 15:43:32.120,3.0
-1.1814,-0.1846,-0.092,70.3354,-62.439,52.6733,2024-02-12 15:43:32.147,3.0
-1.0007,-0.2212,-0.1685,72.8226,-72.6547,54.7256,2024-02-12 15:43:32.155,3.0
-0.6973,-0.147,-0.0728,70.137,-72.2733,54.9545,2024-02-12 15:43:32.172,3.0
-0.4392,-0.1304,-0.0696,70.9915,-56.8314,51.9333,2024-02-12 15:43:32.196,3.0
-0.3503,-0.1072,-0.0737,68.3899,-30.5634,51.8723,2024-02-12 15:43:32.212,3.0
-0.3538,-0.084,0.0439,64.1251,-2.4109,46.5164,2024-02-12 15:43:32.240,3.0
-0.5129,-0.0222,0.1169,61.0657,18.0817,34.4162,2024-02-12 15:43:32.249,3.0
-0.7554,0.0801,0.1687,58.8455,14.5111,24.7116,2024-02-12 15:43:32.273,3.0
-0.7637,0.1226,0.1294,55.7175,-3.5629,22.5754,2024-02-12 15:43:32.289,3.0
-0.6431,0.1738,0.0049,46.1044,-9.7885,16.3116,2024-02-12 15:43:32.305,3.0
-0.5049,0.1838,0.0083,31.3644,-0.3662,5.3635,2024-02-12 15:43:32.321,3.0
-0.4863,0.1841,0.0723,20.3247,16.9067,-3.8681,2024-02-12 15:43:32.346,3.0
-0.5171,0.1938,0.0557,12.9166,34.7214,-10.2539,2024-02-12 15:43:32.362,3.0
-0.6313,0.1228,-0.1174,2.6016,68.84,-14.2746,2024-02-12 15:43:32.370,3.0
-0.9714,0.1047,0.0283,-7.7438,82.8629,-13.6261,2024-02-12 15:43:32.394,3.0
-1.1008,0.1968,-0.02,-10.6049,63.6978,-1.9684,2024-02-12 15:43:32.419,3.0
-1.1555,0.1033,-0.0281,-12.1002,48.9502,13.1531,2024-02-12 15:43:32.427,3.0
-1.0198,-0.0952,-0.1094,-18.8599,23.6359,14.8697,2024-02-12 15:43:32.443,3.0
-0.8613,-0.2305,0.0327,-19.4855,-7.8735,1.03,2024-02-12 15:43:32.467,3.0
-0.8718,-0.2332,0.2434,-0.2213,-8.2321,-11.1313,2024-02-12 15:43:32.484,3.0
-0.928,-0.135,0.2651,18.9972,13.3972,-9.6436,2024-02-12 15:43:32.500,3.0
-0.9585,-0.0247,0.3494,27.7252,21.3776,-6.012,2024-02-12 15:43:32.516,3.0
-0.9604,0.0254,0.4204,33.8593,2.6932,-4.2114,2024-02-12 15:43:32.541,3.0
-0.8052,0.2358,0.1589,36.644,-4.4785,-2.6474,2024-02-12 15:43:32.558,3.0
-0.7979,0.3367,-0.3699,26.3443,48.027,1.3962,2024-02-12 15:43:32.574,3.0
-1.2046,0.3708,-0.2749,6.8207,107.6584,5.9128,2024-02-12 15:43:32.590,3.0
-1.3403,0.437,-0.6123,-17.3416,78.3234,27.1988,2024-02-12 15:43:32.615,3.0
-1.1245,0.2529,-0.9727,-53.7186,1.4954,32.7911,2024-02-12 15:43:32.631,3.0
-1.0513,-0.1064,-0.6375,-82.55,-65.094,36.8423,2024-02-12 15:43:32.647,3.0
-0.6021,-0.3455,-0.3059,-76.6907,-101.3107,31.456,2024-02-12 15:43:32.664,3.0
-0.3269,-0.3071,-0.0806,-56.7017,-92.5522,9.1095,2024-02-12 15:43:32.681,3.0
-0.4307,-0.1741,0.0388,-28.6942,-31.7612,-4.1199,2024-02-12 15:43:32.698,3.0
-0.5278,-0.1448,0.0122,-16.3422,16.1362,-16.2048,2024-02-12 15:43:32.719,3.0
-0.8958,-0.0913,-0.1877,-17.0593,34.1949,-33.287,2024-02-12 15:43:32.743,3.0
-1.1809,-0.1179,-0.3789,-34.7519,44.1437,-28.7094,2024-02-12 15:43:32.751,3.0
-1.134,-0.0913,-0.0957,-33.6151,-16.1896,-33.6609,2024-02-12 15:43:32.776,3.0
-1.0103,0.0,-0.1318,-37.1094,-60.0357,-34.9579,2024-02-12 15:43:32.792,3.0
-0.7556,0.0928,-0.167,-40.8173,-68.1076,-31.5018,2024-02-12 15:43:32.817,3.0
-0.5486,0.1108,-0.1465,-49.6902,-47.9126,-34.874,2024-02-12 15:43:32.826,3.0
-0.574,0.0515,-0.1079,-59.4711,-21.843,-39.7797,2024-02-12 15:43:32.851,3.0
-0.6904,-0.0469,-0.021,-64.8117,-4.8599,-44.3573,2024-02-12 15:43:32.868,3.0
-0.8367,-0.1392,-0.0103,-70.9457,-5.1041,-41.8777,2024-02-12 15:43:32.884,3.0
-0.9456,-0.1357,0.1218,-69.1757,-26.5732,-28.6255,2024-02-12 15:43:32.900,3.0
-0.7871,-0.1875,0.0596,-56.0379,-56.9992,-9.2239,2024-02-12 15:43:32.924,3.0
-0.5527,-0.157,0.0332,-55.5954,-62.1109,3.3875,2024-02-12 15:43:32.940,3.0
-0.3181,-0.2437,-0.0193,-54.1382,-34.0118,7.4997,2024-02-12 15:43:32.957,3.0
-0.3523,-0.1833,0.0569,-49.0646,29.007,-1.2436,2024-02-12 15:43:32.976,3.0
-0.5627,-0.1982,0.2402,-44.0826,64.6439,-2.2736,2024-02-12 15:43:32.992,3.0
-0.7473,-0.1453,0.1001,-38.4216,80.4977,4.0588,2024-02-12 15:43:33.008,3.0
-0.8333,-0.1768,-0.0823,-41.3437,83.8699,1.709,2024-02-12 15:43:33.033,3.0
-0.9749,-0.1094,0.0271,-42.8848,72.9904,-8.8043,2024-02-12 15:43:33.049,3.0
-1.0535,-0.0505,0.1067,-36.7813,47.7829,-17.1509,2024-02-12 15:43:33.076,3.0
-1.0396,-0.0129,0.0786,-42.305,16.304,-26.4282,2024-02-12 15:43:33.092,3.0
-1.0613,-0.0249,0.1953,-47.7295,-8.2397,-34.6527,2024-02-12 15:43:33.108,3.0
-1.166,-0.0325,0.2358,-45.6314,-30.8304,-31.3263,2024-02-12 15:43:33.124,3.0
-1.0642,-0.1223,0.2236,-42.9916,-56.5491,-19.722,2024-02-12 15:43:33.141,3.0
-0.8284,-0.2896,0.3792,-46.0205,-58.7006,-18.4631,2024-02-12 15:43:33.160,3.0
-0.5815,-0.6379,0.3179,-38.3987,-19.5923,-23.1247,2024-02-12 15:43:33.176,3.0
-0.7283,-0.7485,0.1538,-17.1967,62.0346,-45.2271,2024-02-12 15:43:33.192,3.0
-1.1699,-0.5256,0.1423,11.5356,94.8944,-65.3915,2024-02-12 15:43:33.217,3.0
-1.387,-0.4641,-0.2046,39.7568,52.1393,-60.4935,2024-02-12 15:43:33.242,3.0
-1.4321,-0.3162,-0.5686,55.7785,-25.4135,-33.5693,2024-02-12 15:43:33.250,3.0
-0.9131,0.0073,-0.5828,57.2205,-92.3538,-22.0566,2024-02-12 15:43:33.266,3.0
-0.6404,0.2708,-0.5679,41.2598,-103.0731,-20.6833,2024-02-12 15:43:33.291,3.0
-0.4971,0.2554,-0.342,14.9002,-47.3022,-2.4109,2024-02-12 15:43:33.307,3.0
-0.7537,0.1111,-0.0996,4.1428,28.5263,4.4708,2024-02-12 15:43:33.315,3.0
-1.083,0.0835,-0.1897,-0.618,46.4706,14.7171,2024-02-12 15:43:33.348,3.0
-1.335,-0.0432,-0.1409,-5.2795,21.6904,17.0517,2024-02-12 15:43:33.356,3.0
-1.4666,-0.2124,-0.1438,2.7618,-24.8337,24.9481,2024-02-12 15:43:33.381,3.0
-1.3206,-0.1914,-0.0242,9.0637,-93.2083,48.6221,2024-02-12 15:43:33.398,3.0
-0.8821,-0.1731,0.0413,15.3122,-126.9455,55.481,2024-02-12 15:43:33.414,3.0
-0.4832,-0.1333,0.0017,20.3934,-112.3886,53.1769,2024-02-12 15:43:33.431,3.0
-0.2339,-0.0906,-0.0332,24.2462,-46.7911,47.9279,2024-02-12 15:43:33.455,3.0
-0.2451,-0.095,0.0308,24.559,7.3242,35.5225,2024-02-12 15:43:33.471,3.0
-0.4668,-0.0703,0.1704,27.6794,41.4047,25.2838,2024-02-12 15:43:33.489,3.0
-0.6707,-0.0547,0.2173,34.6909,43.8766,19.1193,2024-02-12 15:43:33.505,3.0
-0.6851,-0.0151,0.1335,37.8036,21.7972,14.1373,2024-02-12 15:43:33.521,3.0
-0.5869,0.0408,0.136,35.2325,8.7204,7.8888,2024-02-12 15:43:33.538,3.0
-0.4756,0.0889,0.0813,32.0435,22.7509,-1.5335,2024-02-12 15:43:33.562,3.0
-0.5886,0.0503,0.0725,25.8484,57.4799,-6.897,2024-02-12 15:43:33.579,3.0
-0.7402,0.1152,0.1482,21.1258,75.119,-6.9046,2024-02-12 15:43:33.595,3.0
-0.8755,0.0874,0.1323,13.8016,58.8226,-3.8071,2024-02-12 15:43:33.612,3.0
-0.9766,0.0034,0.0615,10.5515,41.5802,3.9291,2024-02-12 15:43:33.637,3.0
-0.9741,-0.1138,0.0232,6.4087,29.9683,10.5896,2024-02-12 15:43:33.652,3.0
-0.9727,-0.1501,0.0432,11.1847,24.9939,14.2365,2024-02-12 15:43:33.668,3.0
-0.9456,-0.1702,-0.0015,21.7667,30.5099,19.3253,2024-02-12 15:43:33.684,3.0
-0.8967,-0.0696,0.0527,26.6266,20.05,21.1029,2024-02-12 15:43:33.703,3.0
-0.8655,0.0605,0.1794,29.4876,2.327,19.7067,2024-02-12 15:43:33.727,3.0
-0.8035,0.1177,0.2266,32.1732,-7.6141,17.5552,2024-02-12 15:43:33.743,3.0
-0.7271,0.1372,0.3193,32.3868,-1.1139,11.6806,2024-02-12 15:43:33.759,3.0
-0.7595,0.1624,0.3909,37.6053,21.9879,-0.1144,2024-02-12 15:43:33.775,3.0
-0.9099,0.1902,0.3433,43.6859,39.6042,-5.1575,2024-02-12 15:43:33.792,3.0
-0.8608,0.3403,0.0681,41.8396,34.3323,-5.661,2024-02-12 15:43:33.817,3.0
-0.9114,0.3828,-0.7783,21.7438,87.5473,-6.8665,2024-02-12 15:43:33.842,3.0
-1.4443,0.2231,-0.5859,-25.383,124.9771,5.5466,2024-02-12 15:43:33.851,3.0
-1.5244,0.2715,-0.6208,-41.5192,26.3596,32.6233,2024-02-12 15:43:33.875,3.0
-1.2698,0.0544,-0.7974,-62.7441,-54.1306,36.6135,2024-02-12 15:43:33.891,3.0
-0.856,-0.1516,-0.4573,-79.7119,-109.4284,40.9851,2024-02-12 15:43:33.907,3.0
-0.4644,-0.175,-0.166,-67.0471,-116.8137,40.329,2024-02-12 15:43:33.924,3.0
-0.2534,-0.2366,0.019,-39.2761,-60.6003,26.5198,2024-02-12 15:43:33.940,3.0
-0.3232,-0.2712,0.1704,-18.0206,9.1019,-0.9918,2024-02-12 15:43:33.965,3.0
-0.6621,-0.2803,-0.0073,-5.4779,58.3191,-27.7634,2024-02-12 15:43:33.973,3.0
-1.2036,-0.2527,-0.333,-10.2539,94.2612,-26.7715,2024-02-12 15:43:33.999,3.0
-1.2324,-0.1567,-0.1907,-7.1487,31.4407,-20.4391,2024-02-12 15:43:34.016,3.0
-1.1616,0.0588,-0.1333,-9.0637,-67.6727,-26.3672,2024-02-12 15:43:34.033,3.0
-0.8574,0.1409,-0.1582,-13.3209,-102.4017,-21.431,2024-02-12 15:43:34.049,3.0
-0.429,0.1245,-0.0757,-15.4037,-74.3408,-25.1312,2024-02-12 15:43:34.066,3.0
-0.3696,0.0312,-0.0193,-25.1007,-21.2708,-31.9443,2024-02-12 15:43:34.087,3.0
-0.5264,-0.0808,0.094,-27.3666,16.5405,-42.0151,2024-02-12 15:43:34.103,3.0
-0.7749,-0.1467,0.0884,-28.4882,30.7388,-40.9241,2024-02-12 15:43:34.119,3.0
-0.9185,-0.1726,0.0923,-29.7699,10.8185,-31.5781,2024-02-12 15:43:34.143,3.0
-0.9509,-0.1592,0.1357,-24.0631,-24.9557,-13.0463,2024-02-12 15:43:34.160,3.0
-0.7109,-0.116,0.1494,-18.074,-52.002,8.7204,2024-02-12 15:43:34.176,3.0
-0.488,-0.1743,0.0154,-19.0735,-48.2178,18.5928,2024-02-12 15:43:34.192,3.0
-0.4683,-0.1482,0.0483,-15.358,-12.4512,18.9514,2024-02-12 15:43:34.219,3.0
-0.5442,-0.1912,0.1726,-7.7057,13.9999,20.6528,2024-02-12 15:43:34.236,3.0
-0.6338,-0.1855,0.0139,-0.9232,30.2887,17.5323,2024-02-12 15:43:34.260,3.0
-0.803,-0.0737,-0.0835,-3.1815,35.4462,5.0125,2024-02-12 15:43:34.268,3.0
-0.9812,-0.009,0.0112,5.4474,29.5715,-0.9079,2024-02-12 15:43:34.284,3.0
-0.9937,-0.0359,-0.0144,16.0522,2.7847,-13.1912,2024-02-12 15:43:34.300,3.0
-1.05,0.0261,0.1104,-0.6866,-24.8489,-24.086,2024-02-12 15:43:34.324,3.0
-1.0532,0.113,0.2192,-16.2201,-31.7154,-30.9372,2024-02-12 15:43:34.341,3.0
-1.0298,0.2417,0.1899,-27.565,-39.5737,-31.4941,2024-02-12 15:43:34.358,3.0
-0.9033,0.2266,0.1567,-42.8238,-46.4325,-21.8277,2024-02-12 15:43:34.375,3.0
-0.6167,-0.0994,0.2205,-52.5513,-37.9486,-13.9389,2024-02-12 15:43:34.400,3.0
-0.4717,-0.2373,0.3633,-54.4281,-1.7548,-14.4882,2024-02-12 15:43:34.416,3.0
-0.636,-0.2578,0.436,-56.5109,43.2892,-19.3558,2024-02-12 15:43:34.432,3.0
-0.959,-0.238,0.5259,-53.7796,52.2385,-15.152,2024-02-12 15:43:34.448,3.0
-1.1309,-0.1819,0.5315,-42.4576,20.9732,-0.1221,2024-02-12 15:43:34.473,3.0
-0.9495,-0.6101,0.051,-30.6473,12.6572,8.3084,2024-02-12 15:43:34.489,3.0
-1.0784,-0.5566,0.2998,-1.4801,59.639,-24.4598,2024-02-12 15:43:34.522,3.0
-1.4258,-0.4238,0.2561,31.9214,63.6444,-41.5802,2024-02-12 15:43:34.531,3.0
-1.3396,-0.5776,-0.293,57.8766,40.2527,-39.1235,2024-02-12 15:43:34.539,3.0
-1.2678,-0.5337,-0.4377,87.9517,-40.7486,-36.9186,2024-02-12 15:43:34.556,3.0
-0.7737,-0.155,-0.3767,74.1882,-101.4862,-18.1427,2024-02-12 15:43:34.573,3.0
-0.3752,0.0637,-0.2939,47.6303,-86.0367,-2.5482,2024-02-12 15:43:34.591,3.0
-0.2917,-0.0986,-0.1033,38.5742,-29.6402,12.6877,2024-02-12 15:43:34.616,3.0
-0.5393,-0.0178,-0.0422,44.1666,24.1394,19.1498,2024-02-12 15:43:34.632,3.0
-0.8738,0.1838,-0.0718,45.845,63.5834,14.9612,2024-02-12 15:43:34.648,3.0
-1.3066,0.1052,-0.1172,53.4821,73.2422,7.1564,2024-02-12 15:43:34.680,3.0
-1.3274,-0.0105,-0.1577,38.3606,20.9656,21.5607,2024-02-12 15:43:34.696,3.0
-1.0608,-0.1655,0.0129,30.7922,-41.3208,28.7399,2024-02-12 15:43:34.704,3.0
-0.802,-0.2983,0.0164,38.2843,-51.8646,39.2227,2024-02-12 15:43:34.720,3.0
-0.6169,-0.2549,0.0513,45.4712,-18.6081,45.1508,2024-02-12 15:43:34.744,3.0
-0.645,-0.1162,0.0774,51.8875,12.0621,40.5121,2024-02-12 15:43:34.752,3.0
-0.8276,-0.0088,0.0833,53.6346,19.8669,34.7061,2024-02-12 15:43:34.776,3.0
-0.9648,0.0166,0.094,57.2662,1.5182,37.2543,2024-02-12 15:43:34.792,3.0
-0.9092,0.0205,0.1074,59.9976,-30.0751,42.6331,2024-02-12 15:43:34.809,3.0
-0.6653,0.0364,0.1133,60.8292,-49.9496,41.7099,2024-02-12 15:43:34.828,3.0
-0.4104,0.04,0.061,58.4488,-43.0603,32.3029,2024-02-12 15:43:34.845,3.0
-0.2646,0.0627,0.0242,54.6417,-14.5721,18.4555,2024-02-12 15:43:34.869,3.0
-0.2576,0.1345,0.1292,47.3404,26.4893,-0.3967,2024-02-12 15:43:34.886,3.0
-0.3884,0.1533,0.2002,42.9153,48.5153,-15.4648,2024-02-12 15:43:34.902,3.0
-0.603,0.1533,0.0879,39.3219,58.8379,-22.6288,2024-02-12 15:43:34.918,3.0
-0.803,0.239,0.0522,30.4871,64.3997,-21.4462,2024-02-12 15:43:34.936,3.0
-0.9932,0.2605,0.0881,25.4974,60.3867,-14.5874,2024-02-12 15:43:34.961,3.0
-1.0764,0.0605,-0.0044,22.3541,48.0728,-4.6921,2024-02-12 15:43:34.977,3.0
-1.0376,-0.1689,-0.1318,5.5161,38.7955,-3.7079,2024-02-12 15:43:34.993,3.0
-1.158,-0.0784,0.2849,12.4283,48.9883,-0.8316,2024-02-12 15:43:35.025,3.0
-1.2349,0.0156,0.4905,31.7078,45.6467,10.3455,2024-02-12 15:43:35.025,3.0
-1.1094,-0.0452,0.4561,38.7344,16.8762,16.037,2024-02-12 15:43:35.050,3.0
-0.9912,-0.0945,0.5095,48.4467,-22.1481,9.6207,2024-02-12 15:43:35.067,3.0
-0.7957,0.0728,0.3101,59.7763,-28.0457,4.5853,2024-02-12 15:43:35.083,3.0
-0.7952,0.2144,-0.2039,56.4575,38.4979,-0.5569,2024-02-12 15:43:35.099,3.0
-1.3096,0.3242,-0.0132,38.6353,90.0955,10.3455,2024-02-12 15:43:35.115,3.0
-1.4207,0.4534,-0.625,26.0468,63.942,38.3911,2024-02-12 15:43:35.140,3.0
-1.2813,0.3655,-1.0339,-15.0986,6.2027,49.4308,2024-02-12 15:43:35.156,3.0
-1.1003,0.0305,-0.6685,-49.6826,-88.2034,65.5441,2024-02-12 15:43:35.173,3.0
-0.5083,-0.3174,-0.1843,-49.7513,-147.8806,60.2875,2024-02-12 15:43:35.198,3.0
-0.2332,-0.2539,0.051,-25.116,-106.4682,30.6473,2024-02-12 15:43:35.207,3.0
-0.3328,-0.2371,0.1172,1.0605,-12.8021,-4.7607,2024-02-12 15:43:35.232,3.0
-0.6768,-0.2063,-0.1589,10.1013,48.3398,-41.4963,2024-02-12 15:43:35.248,3.0
-1.3132,-0.2002,-0.2803,-0.8621,66.4825,-43.1137,2024-02-12 15:43:35.264,3.0
-1.395,-0.0933,-0.054,-4.5853,30.9906,-20.8282,2024-02-12 15:43:35.281,3.0
-1.2026,0.0811,0.0181,-6.279,-72.6624,-30.9372,2024-02-12 15:43:35.306,3.0
-0.9329,0.2183,-0.0999,-14.9384,-110.0464,-29.2892,2024-02-12 15:43:35.314,3.0
-0.4399,0.2214,-0.147,-33.4702,-112.7625,-32.0663,2024-02-12 15:43:35.330,3.0
-0.2329,0.2075,-0.0847,-47.7829,-69.8776,-41.9464,2024-02-12 15:43:35.354,3.0
-0.3074,0.1499,-0.0171,-60.9436,-8.4686,-53.1921,2024-02-12 15:43:35.371,3.0
-0.5352,0.0205,0.011,-71.6858,42.5873,-58.1741,2024-02-12 15:43:35.395,3.0
-0.8118,-0.0859,0.0627,-74.6078,49.1943,-57.0526,2024-02-12 15:43:35.411,3.0
-0.8657,-0.217,0.0879,-69.6716,14.6942,-43.1671,2024-02-12 15:43:35.427,3.0
-0.6821,-0.2395,0.0845,-61.8973,-17.0822,-29.5868,2024-02-12 15:43:35.449,3.0
-0.4629,-0.262,0.1182,-56.6559,-19.8364,-23.056,2024-02-12 15:43:35.470,3.0
-0.4146,-0.2778,0.1821,-51.9562,10.3607,-18.7912,2024-02-12 15:43:35.486,3.0
-0.5002,-0.2517,0.2419,-35.8887,55.8701,-14.2593,2024-02-12 15:43:35.502,3.0
-0.7483,-0.187,0.1602,-23.1171,76.9882,-4.5624,2024-02-12 15:43:35.526,3.0
-0.8738,-0.1431,0.2402,-11.795,62.7136,-2.1591,2024-02-12 15:43:35.543,3.0
-0.9841,-0.1768,0.2625,2.9221,47.8821,-4.9286,2024-02-12 15:43:35.559,3.0
-1.0208,-0.3086,0.2388,7.8888,44.7235,-18.1961,2024-02-12 15:43:35.584,3.0
-1.1636,-0.1689,0.22,11.94,26.6571,-26.9394,2024-02-12 15:43:35.600,3.0
-1.1707,0.0129,0.0659,10.025,-19.6762,-24.353,2024-02-12 15:43:35.616,3.0
-1.0391,0.1021,-0.0786,-8.2092,-53.7186,-21.5073,2024-02-12 15:43:35.632,3.0
-0.7996,0.0571,0.0347,-34.8358,-50.0488,-20.1035,2024-02-12 15:43:35.656,3.0
-0.6387,0.0261,0.2329,-46.6156,-17.3798,-25.2075,2024-02-12 15:43:35.672,3.0
-0.6758,-0.0498,0.269,-49.9802,24.4522,-22.8729,2024-02-12 15:43:35.691,0.0
-0.7695,-0.1047,0.3367,-56.6025,40.2908,-20.6833,2024-02-12 15:43:35.716,0.0
-0.9072,-0.1824,0.4385,-62.4313,26.0239,-22.8729,2024-02-12 15:43:35.724,0.0
-0.9409,-0.3735,0.4829,-65.8188,11.2,-18.7149,2024-02-12 15:43:35.740,0.0
-0.8022,-0.4524,0.6116,-52.4292,-2.5787,-4.3259,2024-02-12 15:43:35.772,0.0
-0.7224,-0.4395,0.4504,-36.1557,-5.9509,15.9988,2024-02-12 15:43:35.781,0.0
-0.2522,-1.1851,-0.5232,-24.1089,49.9802,11.6806,2024-02-12 15:43:35.806,0.0
-0.9333,-0.5073,0.0503,21.5149,171.9055,-105.0034,2024-02-12 15:43:35.814,0.0
-1.7048,-0.4404,-0.3215,55.8777,91.0339,-108.2535,2024-02-12 15:43:35.830,0.0
-1.7234,-0.5691,-0.8901,92.3309,-29.953,-72.3419,2024-02-12 15:43:35.855,0.0
-1.325,-0.0652,-0.6506,78.9413,-163.7344,-32.0816,2024-02-12 15:43:35.873,0.0
-0.6194,0.1665,-0.4355,35.4996,-199.7147,3.2578,2024-02-12 15:43:35.898,0.0
-0.0525,-0.2483,-0.304,8.9569,-106.3156,46.196,2024-02-12 15:43:35.906,0.0
-0.3523,-0.1719,-0.3052,-11.1237,22.5906,29.2053,2024-02-12 15:43:35.930,0.0
-1.2522,0.1697,-0.0962,-4.509,68.5806,16.4566,2024-02-12 15:43:35.939,0.0
-1.5088,-0.0349,-0.3342,7.7286,76.3168,-2.4414,2024-02-12 15:43:35.963,0.0
-1.5259,-0.1372,-0.1511,-9.2239,14.6561,9.6054,2024-02-12 15:43:35.980,0.0
-1.2681,-0.2334,0.2742,7.1411,-38.2614,33.9508,2024-02-12 15:43:35.997,0.0
-0.9304,-0.3325,0.0522,27.8473,-35.0342,55.4886,2024-02-12 15:43:36.013,0.0
-0.7996,-0.2766,-0.0601,27.565,-5.9814,63.5757,2024-02-12 15:43:36.037,0.0
-0.7793,-0.1685,0.0452,24.3988,10.7498,61.5845,2024-02-12 15:43:36.054,0.0
-0.8679,-0.0142,0.1848,28.6789,6.3019,59.3719,2024-02-12 15:43:36.070,0.0
-0.8979,0.0837,0.1072,31.1127,-7.3318,62.912,2024-02-12 15:43:36.087,0.0
-0.7373,0.1782,0.0122,24.7726,-29.2282,68.1763,2024-02-12 15:43:36.103,0.0
-0.5154,0.2029,0.0496,20.1416,-44.1666,65.506,2024-02-12 15:43:36.127,0.0
-0.3782,0.1548,0.0291,16.3422,-38.5132,55.4886,2024-02-12 15:43:36.135,0.0
-0.2539,0.0623,0.0972,11.0092,-17.6086,38.6658,2024-02-12 15:43:36.160,0.0
-0.2087,-0.0027,0.1694,9.9258,-5.394,20.6909,2024-02-12 15:43:36.179,0.0
-0.252,-0.041,0.1316,9.4757,5.3177,2.9678,2024-02-12 15:43:36.195,0.0
-0.3015,-0.001,0.1643,5.0354,4.2725,-8.4381,2024-02-12 15:43:36.211,0.0
-0.4329,0.0498,0.271,5.2185,2.7695,-17.0822,2024-02-12 15:43:36.228,0.0
-0.6011,0.1008,0.073,6.8893,13.3591,-18.5852,2024-02-12 15:43:36.252,0.0
-0.7324,0.1433,0.0144,-1.7624,25.0397,-21.9727,2024-02-12 15:43:36.268,0.0
-0.9658,0.1289,0.1782,-6.4316,12.5504,-24.4751,2024-02-12 15:43:36.287,0.0
-1.1157,-0.0103,0.0315,-2.4338,16.0065,-7.9346,2024-02-12 15:43:36.303,0.0
-1.2073,-0.1335,0.0647,-6.7673,61.6913,11.1313,2024-02-12 15:43:36.319,0.0
-1.1057,-0.1521,0.3713,3.418,57.7393,13.0539,2024-02-12 15:43:36.344,0.0
-1.095,-0.2339,0.5188,17.4637,20.0195,7.225,2024-02-12 15:43:36.352,0.0
-1.0801,-0.2476,0.5322,41.6489,8.7814,13.7177,2024-02-12 15:43:36.376,0.0
-1.0337,-0.0442,0.2166,63.9725,28.4882,20.4544,2024-02-12 15:43:36.401,0.0
-1.3035,0.1965,0.1074,56.572,53.1769,13.0615,2024-02-12 15:43:36.417,0.0
-1.5339,0.3535,-0.2822,50.6516,57.6172,40.7486,2024-02-12 15:43:36.433,0.0
-1.4995,0.3716,-0.6536,24.7192,23.8724,66.1163,2024-02-12 15:43:36.449,0.0
-1.293,0.3364,-0.7212,-1.8921,-44.2276,76.1414,2024-02-12 15:43:36.465,0.0
-0.9053,-0.0894,-0.4285,-19.6228,-111.2213,73.5016,2024-02-12 15:43:36.484,0.0
-0.3713,-0.4031,-0.0557,-23.5748,-164.093,50.209,2024-02-12 15:43:36.506,0.0
-0.1265,-0.3284,0.249,-0.1755,-129.8752,13.4048,2024-02-12 15:43:36.522,0.0
-0.2,-0.2239,0.2114,36.972,9.0561,-27.0691,2024-02-12 15:43:36.538,0.0
-0.5601,-0.1409,-0.0833,44.0216,96.8018,-63.3545,2024-02-12 15:43:36.554,0.0
-1.4434,0.0193,-0.3652,15.7471,135.3989,-59.6924,2024-02-12 15:43:36.579,0.0
-1.5469,0.0593,-0.0842,-2.9144,78.0869,-31.3187,2024-02-12 15:43:36.595,0.0
-1.3948,0.1494,0.0806,-8.5907,-59.1812,-38.2538,2024-02-12 15:43:36.611,0.0
-1.0237,0.1958,-0.1167,-18.364,-127.2659,-32.0587,2024-02-12 15:43:36.651,0.0
-0.5149,0.198,-0.1824,-31.6772,-137.7411,-30.2963,2024-02-12 15:43:36.651,0.0
-0.4604,0.134,-0.1018,-43.4723,-116.4627,-38.0783,2024-02-12 15:43:36.668,0.0
-0.1899,-0.0847,-0.001,-53.8177,-55.0156,-47.4625,2024-02-12 15:43:36.684,0.0
-0.3657,-0.2175,0.1619,-52.0935,8.4991,-53.0396,2024-02-12 15:43:36.700,0.0
-0.6177,-0.2461,0.2344,-46.4249,37.5595,-44.6625,2024-02-12 15:43:36.724,0.0
-0.7573,-0.2209,0.2109,-40.8478,20.2179,-35.0647,2024-02-12 15:43:36.741,0.0
-0.7686,-0.1553,0.2266,-37.3383,-19.6457,-18.1046,2024-02-12 15:43:36.757,0.0
-0.6357,-0.1194,0.2441,-32.2189,-42.5415,-0.2365,2024-02-12 15:43:36.781,0.0
-0.4873,-0.0989,0.2322,-28.0609,-32.2952,17.3416,2024-02-12 15:43:36.801,0.0
-0.3982,-0.1436,0.1716,-19.8059,10.8337,21.7285,2024-02-12 15:43:36.815,0.0
-0.6748,-0.1777,0.3333,-5.9509,50.5371,19.0048,2024-02-12 15:43:36.831,0.0
-0.8201,-0.2764,0.2346,4.0054,42.1143,20.4926,2024-02-12 15:43:36.848,0.0
-0.9404,-0.2791,0.0752,-3.3569,17.4179,3.4637,2024-02-12 15:43:36.873,0.0
-1.0657,-0.0317,0.1304,-2.3193,10.8032,-9.0637,2024-02-12 15:43:36.889,0.0
-1.1516,0.0999,0.063,-4.2648,11.8408,-20.7367,2024-02-12 15:43:36.905,0.0
-1.1333,0.0317,0.1624,-33.165,4.0283,-20.5383,2024-02-12 15:43:36.923,0.0
-0.9949,0.0269,0.447,-44.6167,-16.6931,-19.5084,2024-02-12 15:43:36.947,0.0
-0.9805,0.1042,0.5496,-48.9197,-21.8506,-7.9727,2024-02-12 15:43:36.963,0.0
-0.8499,-0.0591,0.45,-60.997,-12.7182,-5.455,2024-02-12 15:43:36.979,0.0
-0.6997,-0.5129,0.1594,-72.8836,5.5008,-23.8876,2024-02-12 15:43:37.006,0.0
-0.9412,-0.4775,0.3953,-70.1523,33.5312,-53.9703,2024-02-12 15:43:37.022,0.0
-1.1973,-0.5322,0.343,-53.688,31.4331,-67.8558,2024-02-12 15:43:37.038,0.0
-1.2273,-0.6326,0.104,-16.8304,5.722,-72.6471,2024-02-12 15:43:37.063,0.0
-1.2324,-0.3735,0.0054,4.4327,-32.3792,-66.0324,2024-02-12 15:43:37.071,0.0
-0.9753,-0.1643,-0.113,7.9803,-63.8657,-45.9976,2024-02-12 15:43:37.087,0.0
-0.7456,0.0271,-0.2493,2.0752,-68.5425,-16.3116,2024-02-12 15:43:37.106,0.0
-0.4189,-0.1338,-0.1978,-6.3477,-27.0996,9.7656,2024-02-12 15:43:37.122,0.0
-0.6611,-0.2,0.0364,-3.6087,65.7425,9.9335,2024-02-12 15:43:37.147,0.0
-1.2361,-0.1318,0.1697,6.7368,118.1793,14.4806,2024-02-12 15:43:37.164,0.0
-1.9458,-0.2039,0.2166,34.5383,90.5991,26.123,2024-02-12 15:43:37.189,0.0
-1.8269,-0.1191,-0.0071,39.0778,8.2169,39.6118,2024-02-12 15:43:37.205,0.0
-1.5046,-0.1484,0.0728,39.6957,-94.3604,62.2482,2024-02-12 15:43:37.221,0.0
-0.9028,-0.2798,0.0469,50.0793,-149.8642,74.8901,2024-02-12 15:43:37.245,0.0
-0.3936,-0.2715,0.0098,53.1616,-158.493,83.313,2024-02-12 15:43:37.261,0.0
-0.0769,-0.2034,0.0994,57.4188,-129.4556,76.4313,2024-02-12 15:43:37.269,0.0
0.4553,-0.126,-0.0403,61.1954,-43.0756,50.148,2024-02-12 15:43:37.285,0.0
0.1482,-0.0291,0.0403,59.0515,23.2315,36.5524,2024-02-12 15:43:37.309,0.0
-0.042,0.0327,0.1562,59.4177,96.5881,18.5928,2024-02-12 15:43:37.317,0.0
-0.4426,0.134,0.2563,57.5333,141.3727,-3.2578,2024-02-12 15:43:37.350,0.0
-0.7236,0.197,0.2617,50.7355,131.8893,-9.2468,2024-02-12 15:43:37.366,0.0
-0.8821,0.2063,0.186,31.1966,71.3654,-9.1248,2024-02-12 15:43:37.382,0.0
-0.8516,0.2048,0.2102,9.2087,12.6038,-15.5258,2024-02-12 15:43:37.398,0.0
-0.8066,0.3118,0.1128,-9.3689,-8.5678,-20.9351,2024-02-12 15:43:37.418,0.0
-0.8245,0.3105,0.1125,-26.2375,-3.1738,-12.5046,2024-02-12 15:43:37.442,0.0
-0.8142,0.2859,0.0991,-39.1846,3.7842,-2.5253,2024-02-12 15:43:37.450,0.0
-1.0244,0.0564,0.2019,-45.3262,36.3388,4.5547,2024-02-12 15:43:37.474,0.0
